3592 2
913 0.0589458 -0.18289
914 -0.045722 -0.0741589
1327 -0.0539002 -0.604204
1328 0.183552 -0.698226
613 0.326045 -0.581357
614 0.268683 -0.649357
1833 0.354769 -0.438997
1834 0.26044 -0.550414
430 0.0803649 -0.586838
429 0.48181 -0.460188
2486 0.414461 -0.418025
2485 0.318651 -0.499363
1220 0.0400202 -0.562749
1219 0.442083 -0.503168
1790 -0.0309253 -0.590347
1789 0.213154 -0.498366
3394 0.252219 -0.478766
3393 0.0925785 -0.56335
3430 0.27571 -0.464246
3429 0.308076 -0.488322
700 0.251718 -0.483619
699 0.428557 -0.483792
825 0.346262 -0.439309
826 0.449142 -0.5355
2990 0.126801 -0.525966
2989 0.0441649 -0.675203
1561 0.337784 -0.440794
1562 0.437456 -0.449892
490 0.504059 -0.424605
489 0.215957 -0.684486
3557 0.142492 -0.551531
3558 -0.0458508 -0.595728
2867 -0.00122942 -0.579065
2868 0.49165 -0.643795
3343 0.185997 -0.502506
3344 -0.0690068 -0.60539
1695 0.0774699 -0.584945
1696 0.0649381 -0.551297
234 0.237632 -0.561319
233 0.0224009 -0.568814
589 -0.0616819 -0.605223
590 0.263638 -0.50523
1450 0.200975 -0.807466
1449 0.0488012 -0.563641
1020 0.417947 -0.443628
1019 -0.0520732 -0.610937
1155 0.313083 -0.470063
1156 -0.0122127 -0.6287
1798 0.233436 -0.488182
1797 0.201338 -0.509235
1217 0.359631 -0.694598
1218 0.235902 -0.84556
2399 0.268293 -0.475408
2400 0.33927 -0.475028
2847 0.131811 -0.517302
2848 0.239981 -0.517449
132 0.487794 -0.422372
131 0.275475 -0.461549
2535 0.239768 -0.481165
2536 0.318654 -0.658402
478 0.118775 -0.532504
477 0.357583 -0.433111
754 -0.0328175 -0.580238
753 0.229629 -0.477704
254 -0.0785522 -0.611948
253 0.241957 -0.521971
3206 0.122592 -0.728325
3205 0.176862 -0.50781
3086 0.31712 -0.451202
3085 0.110739 -0.548684
622 0.225499 -0.486638
621 0.263754 -0.502951
762 0.339298 -0.442255
761 0.16824 -0.538993
2389 0.237977 -0.566782
2390 0.310293 -0.473368
2618 0.234707 -0.517064
2617 0.415827 -0.426491
3160 0.133828 -0.527776
3159 0.304339 -0.461977
1306 0.451172 -0.448151
1305 0.178146 -0.585095
2937 0.21748 -0.624506
2938 0.149734 -0.652676
2212 -0.059626 -0.604903
2211 0.0859488 -0.63156
1842 0.195174 -0.498757
1841 0.0574108 -0.565663
1192 -0.101112 -0.617104
1191 0.399756 -0.445887
1700 0.187159 -0.508491
1699 0.30404 -0.511347
2126 -0.0686462 -0.604017
2125 0.423825 -0.553178
1826 0.151909 -0.517111
1825 0.155006 -0.527281
2220 0.11893 -0.538955
2219 0.128497 -0.552269
794 0.352053 -0.432401
793 0.0923799 -0.540347
2549 0.308218 -0.489153
2550 0.20737 -0.499146
2412 0.194605 -0.510248
2411 0.133259 -0.775368
1181 0.424862 -0.417328
1182 0.0831812 -0.549309
2050 0.27885 -0.530166
2049 0.315564 -0.452577
1606 0.431902 -0.400186
1605 0.344736 -0.438031
660 0.36979 -0.42638
659 0.193064 -0.504434
837 0.363798 -0.440885
838 0.40308 -0.457978
183 0.362228 -0.443846
184 0.00612568 -0.594906
2553 0.368352 -0.455056
2554 0.198058 -0.539289
436 0.376834 -0.420629
435 0.23319 -0.486546
3096 0.353588 -0.437506
3095 0.495506 -0.41992
3062 0.416981 -0.405978
3061 0.213824 -0.527103
2985 0.128703 -0.525385
2986 0.359686 -0.437699
2215 0.1213 -0.529341
2216 0.472241 -0.39704
1974 0.117176 -0.53465
1973 0.107728 -0.574944
2792 0.249194 -0.476159
2791 0.197049 -0.508045
3516 0.345115 -0.439729
3515 0.46541 -0.424475
2884 0.150902 -0.515811
2883 0.0674621 -0.553254
601 0.0575658 -0.554915
602 0.281254 -0.696192
2096 0.168133 -0.512251
2095 0.155652 -0.633249
1342 0.240044 -0.491013
1341 0.378569 -0.437775
1676 0.370662 -0.469264
1675 0.333295 -0.616052
2484 0.324492 -0.455206
2483 0.17624 -0.595375
778 0.373101 -0.432845
777 0.345144 -0.446971
361 0.233526 -0.483972
362 0.433579 -0.524478
1951 0.0380269 -0.555507
1952 0.102318 -0.549875
1405 0.34931 -0.444491
1406 0.118749 -0.555474
3282 0.220945 -0.486553
3281 0.0684963 -0.549508
3576 0.128057 -0.519869
3575 0.312029 -0.457943
3402 0.145472 -0.515205
3401 0.277239 -0.538264
3084 0.217716 -0.502318
3083 0.218464 -0.518658
2506 0.171179 -0.510156
2505 0.343921 -0.482922
3046 0.414376 -0.407426
3045 0.451788 -0.40175
2133 0.119546 -0.530413
2134 0.225572 -0.493059
2306 0.411638 -0.493002
2305 0.283074 -0.479923
3347 0.189919 -0.53518
3348 0.209825 -0.521843
1195 0.447384 -0.431661
1196 0.203025 -0.516744
3536 0.0584393 -0.554608
3535 0.191528 -0.529014
928 0.349121 -0.50282
927 0.0200566 -0.588966
2008 0.108477 -0.54112
2007 0.157043 -0.51958
487 0.274761 -0.473949
488 0.235173 -0.499304
1103 0.37949 -0.428684
1104 0.389312 -0.44619
1750 0.27228 -0.501205
1749 0.0699865 -0.559447
3114 0.296531 -0.486397
3113 0.269122 -0.490123
835 0.117101 -0.534793
836 0.248092 -0.498213
1808 0.386635 -0.492615
1807 0.160511 -0.527177
1595 0.263194 -0.526002
1596 0.340942 -0.447748
2753 0.253689 -0.484214
2754 0.355776 -0.448103
2598 0.211511 -0.488961
2597 0.327225 -0.487482
2346 0.288902 -0.483562
2345 0.297144 -0.486167
3538 0.416917 -0.407606
3537 0.313621 -0.449083
1331 0.381707 -0.477386
1332 0.317284 -0.458728
3580 0.351823 -0.548244
3579 -0.00883713 -0.596184
2229 0.444988 -0.480934
2230 0.416798 -0.420726
2253 0.379618 -0.552656
2254 0.318217 -0.530234
2622 0.216314 -0.598928
2621 0.337217 -0.473924
460 0.410563 -0.445763
459 0.0948938 -0.552885
755 0.499961 -0.391002
756 0.23601 -0.49961
3203 0.199345 -0.52238
3204 0.17311 -0.515748
3327 0.426358 -0.432986
3328 0.178125 -0.506846
2574 0.210383 -0.520759
2573 0.225333 -0.61484
3489 0.346826 -0.437475
3490 0.492252 -0.376554
1111 0.378468 -0.429102
1112 0.179294 -0.510516
2003 0.414058 -0.530662
2004 0.0106161 -0.589764
2797 0.315846 -0.446359
2798 0.308372 -0.449869
2788 0.154324 -0.514874
2787 0.273902 -0.481936
3524 0.343251 -0.509014
3523 0.180026 -0.523755
2449 0.214601 -0.496759
2450 0.339597 -0.463535
523 0.180264 -0.504475
524 0.323374 -0.451413
714 0.282183 -0.46623
713 0.313511 -0.456498
3352 0.23655 -0.509614
3351 0.405669 -0.43117
742 0.126544 -0.61198
741 0.144514 -0.529331
2601 0.167232 -0.5824
2602 0.277891 -0.465288
732 0.203224 -0.504837
731 0.214773 -0.520615
1143 0.243671 -0.520739
1144 0.0116153 -0.581021
1612 0.0959561 -0.647957
1611 0.459129 -0.406352
1116 0.482294 -0.387276
1115 0.0589979 -0.550867
3194 0.549482 -0.366559
3193 0.190422 -0.518434
2877 0.166771 -0.513827
2878 0.198919 -0.497265
537 0.177045 -0.546706
538 0.33051 -0.45237
1980 0.373971 -0.435449
1979 0.108146 -0.551593
3569 0.155062 -0.520757
3570 0.283394 -0.469832
3508 0.400256 -0.410343
3507 0.164077 -0.507942
3439 0.393844 -0.462354
3440 0.232783 -0.486426
1138 0.298807 -0.513763
1137 0.0352527 -0.596653
3340 0.128724 -0.533824
3339 0.378542 -0.428907
1478 0.508141 -0.376751
1477 0.529761 -0.366769
672 0.530212 -0.403395
671 0.400427 -0.450429
109 0.358614 -0.516233
110 0.387451 -0.442465
427 0.246586 -0.520038
428 0.044453 -0.577125
1480 0.264705 -0.524653
1479 0.328932 -0.471606
2939 0.0341594 -0.682305
2940 -0.0184995 -0.624454
1799 0.514944 -0.395728
1800 0.380854 -0.422645
3431 0.514425 -0.373695
3432 0.380138 -0.432586
2326 0.46087 -0.424157
2325 0.245277 -0.486834
1062 0.341846 -0.444924
1061 0.0205653 -0.575867
36 0.344345 -0.450681
35 0.394472 -0.417046
1201 0.344536 -0.496003
1202 0.171647 -0.550316
3356 0.107264 -0.611912
3355 0.356535 -0.441388
2572 0.0859178 -0.638796
2571 0.117645 -0.530962
1508 0.368043 -0.455229
1507 0.089985 -0.557486
3451 0.22095 -0.604259
3452 0.173734 -0.517289
3102 0.443729 -0.405239
3101 0.436549 -0.40325
2620 0.356983 -0.441795
2619 0.404965 -0.434409
2478 0.350076 -0.483618
2477 0.311453 -0.475172
2521 0.306514 -0.513401
2522 0.267872 -0.532027
2706 0.41679 -0.479795
2705 0.138452 -0.555081
679 0.247784 -0.550761
680 0.354548 -0.436379
464 0.524364 -0.398802
463 0.147979 -0.533041
734 0.433295 -0.4801
733 0.289612 -0.47756
522 0.36894 -0.462301
521 0.105273 -0.549003
30 0.201234 -0.598322
29 0.0766657 -0.591269
925 0.375053 -0.486845
926 0.451806 -0.42659
56 0.173778 -0.586759
55 0.44668 -0.431628
1257 0.307481 -0.54877
1258 0.158238 -0.524052
2834 0.468074 -0.460833
2833 0.0706331 -0.598871
2 0.122059 -0.628779
1 0.390225 -0.454442
2923 0.0907348 -0.642583
2924 0.305861 -0.462535
1741 0.248421 -0.553706
1742 0.335168 -0.506967
1996 0.46299 -0.458907
1995 0.507475 -0.374601
2751 0.240792 -0.546394
2752 0.216272 -0.502694
1637 0.234944 -0.542336
1638 0.3678 -0.442773
270 0.275908 -0.527058
269 0.19178 -0.505359
3211 0.0731166 -0.652516
3212 0.0636548 -0.609164
312 0.147282 -0.625381
311 0.15482 -0.549183
727 0.294892 -0.575315
728 0.0364809 -0.616002
3009 0.315584 -0.53107
3010 0.357354 -0.459653
2786 0.302328 -0.530972
2785 0.427504 -0.453336
1356 0.219131 -0.528114
1355 0.359314 -0.445203
246 0.282367 -0.482129
245 0.483475 -0.4029
3247 0.589375 -0.339018
3248 0.437398 -0.397127
2623 0.369644 -0.4937
2624 0.16966 -0.539298
2861 0.38833 -0.464403
2862 0.0246448 -0.61145
2866 0.325251 -0.510925
2865 0.401248 -0.465782
116 0.407031 -0.482598
115 0.509243 -0.410477
930 0.406659 -0.522255
929 0.202246 -0.554706
1150 0.33342 -0.483842
1149 0.419299 -0.443186
3272 0.103108 -0.621101
3271 0.197061 -0.520652
560 0.583552 -0.354916
559 0.0839924 -0.549989
2122 0.169794 -0.609122
2121 0.11572 -0.547001
1097 0.327886 -0.529293
1098 0.450908 -0.404065
1320 0.313565 -0.525629
1319 -0.0206633 -0.632509
409 0.188855 -0.572867
410 0.0793927 -0.577939
48 0.295848 -0.523102
47 0.188919 -0.560201
2033 0.393776 -0.499731
2034 0.12776 -0.566456
1371 0.299779 -0.513594
1372 0.452704 -0.425513
2570 0.0887184 -0.630525
2569 0.242464 -0.502283
2964 0.127578 -0.610622
2963 0.0223803 -0.585419
2027 0.0172145 -0.669187
2028 0.157784 -0.523214
1525 0.345323 -0.46609
1526 0.314154 -0.486373
1784 0.460828 -0.449087
1783 0.0275328 -0.61289
866 0.128552 -0.60754
865 0.113383 -0.566561
1460 0.131537 -0.593498
1459 0.178065 -0.517572
27 0.462973 -0.434276
28 0.117565 -0.549627
3491 0.408563 -0.462007
3492 0.332319 -0.459889
539 0.208936 -0.567901
540 0.240329 -0.509616
1936 0.40725 -0.519205
1935 0.559441 -0.411621
1216 0.200433 -0.502525
1215 0.101091 -0.541752
2481 0.260494 -0.529207
2482 0.0796106 -0.559201
2327 0.187528 -0.553919
2328 0.0147465 -0.597567
1446 0.374335 -0.509748
1445 0.347541 -0.4902
298 0.155425 -0.587373
297 0.122695 -0.585762
1739 0.469037 -0.43288
1740 -0.0249679 -0.619538
161 0.306913 -0.498881
162 0.277642 -0.478412
454 0.209144 -0.519854
453 0.179774 -0.515274
804 0.354561 -0.464795
803 0.375093 -0.441025
374 0.291217 -0.523301
373 0.124421 -0.582373
2036 0.404319 -0.474643
2035 0.359338 -0.478236
3040 0.0534473 -0.635931
3039 0.519786 -0.375984
2949 0.325406 -0.539374
2950 0.349174 -0.469495
2344 0.1138 -0.623498
2343 0.187156 -0.567256
2492 0.15873 -0.573466
2491 0.471086 -0.393293
3234 0.0521981 -0.650678
3233 0.0530901 -0.590735
3021 0.249292 -0.570629
3022 0.472742 -0.439905
1025 0.160019 -0.542472
1026 0.362502 -0.460122
3283 0.505323 -0.431427
3284 0.229963 -0.538611
3130 0.0765875 -0.564604
3129 0.126591 -0.526741
1501 0.37344 -0.482948
1502 0.219555 -0.510699
2451 0.342908 -0.516579
2452 0.160228 -0.565118
481 -0.0206711 -0.647988
482 0.418591 -0.425729
1556 0.136234 -0.617869
1555 0.319027 -0.501133
2802 0.258558 -0.546765
2801 0.194559 -0.538701
1805 0.0108584 -0.65944
1806 0.267608 -0.49013
575 0.0248277 -0.640675
576 0.16581 -0.517677
1313 0.396903 -0.500734
1314 0.0450862 -0.619634
1421 0.175933 -0.573307
1422 0.397059 -0.446717
342 0.109687 -0.601365
341 0.406567 -0.424056
1370 0.274663 -0.550883
1369 0.192269 -0.558506
2501 0.111206 -0.572635
2502 0.301293 -0.495867
2980 0.364213 -0.450943
2979 0.395353 -0.429584
1180 0.114492 -0.642147
1179 0.183218 -0.554203
155 -0.000504776 -0.654675
156 0.243443 -0.496594
1227 0.46685 -0.435997
1228 0.240229 -0.507185
2789 0.275545 -0.549821
2790 0.322247 -0.512371
994 0.269857 -0.560885
993 0.497088 -0.433946
1626 0.0833313 -0.579379
1625 0.106482 -0.573883
2693 0.378604 -0.465769
2694 0.183465 -0.529116
2998 0.363189 -0.489045
2997 0.162747 -0.536838
3278 0.390499 -0.480542
3277 0.0329202 -0.606148
1986 0.396525 -0.44206
1985 0.44379 -0.422486
3330 0.0222715 -0.665503
3329 0.185456 -0.576703
2406 0.104188 -0.625061
2405 0.261172 -0.520532
2524 0.114789 -0.613617
2523 0.280856 -0.516316
581 0.0348956 -0.641373
582 0.159001 -0.547481
2966 0.280406 -0.53643
2965 0.0324788 -0.621976
1190 0.125507 -0.597375
1189 0.074126 -0.583202
697 0.433259 -0.459447
698 0.204039 -0.528952
2891 0.37747 -0.486474
2892 -0.0192616 -0.633995
3209 0.325984 -0.50646
3210 -0.027471 -0.629332
320 0.119302 -0.604414
319 0.240084 -0.531021
1551 0.134853 -0.606887
1552 0.139986 -0.579173
3310 0.479116 -0.447706
3309 0.330974 -0.481817
3066 0.0441441 -0.5978
3065 0.423773 -0.42272
3390 0.192466 -0.600341
3389 0.520114 -0.438894
946 0.00919083 -0.614351
945 0.291375 -0.485261
3350 0.443403 -0.472667
3349 0.0543573 -0.633684
605 0.455575 -0.445052
606 0.140286 -0.577714
507 0.143958 -0.570577
508 0.342517 -0.490813
88 0.170907 -0.58196
87 0.0798166 -0.569749
1126 0.422456 -0.478422
1125 0.376471 -0.498285
1067 0.387808 -0.483002
1068 0.389976 -0.47104
2169 0.161645 -0.584806
2170 0.175613 -0.552548
568 0.387293 -0.441745
567 0.128571 -0.530771
3396 0.170584 -0.567187
3395 0.388784 -0.451279
2725 0.293538 -0.513955
2726 0.443808 -0.420749
1755 0.330867 -0.508421
1756 0.321103 -0.481336
385 0.282207 -0.522765
386 0.111351 -0.549847
2370 0.139823 -0.570084
2369 0.439066 -0.440951
2689 0.299062 -0.518123
2690 0.282591 -0.494034
897 0.201613 -0.553332
898 0.322046 -0.511443
3506 0.167587 -0.566025
3505 0.134616 -0.542687
119 0.376111 -0.482131
120 0.330829 -0.48759
4 0.229063 -0.532408
3 0.194604 -0.524953
13 0.450866 -0.446296
14 0.393131 -0.455192
822 0.510444 -0.431489
821 0.110796 -0.558337
807 0.497182 -0.40235
808 0.382498 -0.451422
847 0.22294 -0.530054
848 0.25498 -0.513142
1462 0.256836 -0.515935
1461 0.0614457 -0.56424
827 0.286034 -0.515205
828 0.308125 -0.497494
3405 0.225492 -0.553878
3406 0.338582 -0.464391
2731 0.130706 -0.604134
2732 0.128139 -0.566211
3241 0.407365 -0.454261
3242 0.319603 -0.512835
2116 0.134664 -0.607771
2115 -0.0299497 -0.65596
2740 0.373108 -0.488159
2739 -0.0184908 -0.625083
2061 0.470281 -0.421905
2062 0.275377 -0.510166
2722 0.0791477 -0.578782
2721 0.0390403 -0.583187
2009 0.0648443 -0.593748
2010 0.284532 -0.488617
442 0.105245 -0.621512
441 0.534262 -0.414328
843 0.0304367 -0.642109
844 0.203223 -0.535887
942 0.273603 -0.549115
941 0.195904 -0.557159
1250 0.186574 -0.559573
1249 0.32542 -0.460381
433 0.403511 -0.47082
434 0.0882122 -0.582881
1188 0.0284716 -0.643395
1187 0.329658 -0.491659
2500 0.542572 -0.415618
2499 0.36331 -0.458365
592 0.237043 -0.524864
591 0.243644 -0.524267
2160 0.0172533 -0.630114
2159 0.0451883 -0.588534
1998 0.184206 -0.555058
1997 0.197685 -0.515308
3362 0.124378 -0.591725
3361 0.227497 -0.525914
2147 0.0951778 -0.594842
2148 0.232867 -0.539872
3098 0.23869 -0.551609
3097 0.212125 -0.547304
1828 0.210294 -0.558714
1827 0.399979 -0.443665
209 0.0487145 -0.631853
210 0.0139456 -0.614446
148 0.0704326 -0.625906
147 0.213486 -0.520381
1315 0.254064 -0.512443
1316 0.211688 -0.504095
2261 0.115523 -0.595906
2262 0.374292 -0.45755
1787 0.319405 -0.513141
1788 0.420473 -0.441762
2387 0.0941384 -0.605372
2388 0.398344 -0.448364
877 0.285125 -0.527276
878 0.278545 -0.517982
1242 0.44115 -0.460703
1241 0.0113162 -0.620081
382 0.298972 -0.517521
381 0.191968 -0.534694
39 0.20731 -0.575875
40 0.135898 -0.587443
786 0.106672 -0.575672
785 0.457794 -0.413572
77 0.0691222 -0.623852
78 0.0881484 -0.600328
1441 0.108066 -0.575552
1442 0.0679918 -0.563545
2228 0.225499 -0.53198
2227 0.161207 -0.547668
1884 -0.0422256 -0.674907
1883 0.303203 -0.52927
2223 0.15809 -0.576233
2224 0.0702308 -0.582244
2140 0.128485 -0.595526
2139 0.305066 -0.481867
2727 0.133516 -0.602902
2728 0.0332587 -0.617833
3462 0.469522 -0.45657
3461 0.486989 -0.445286
3080 0.0134041 -0.656338
3079 0.453106 -0.473406
3563 0.251827 -0.508324
3564 0.0528407 -0.588477
534 0.488368 -0.418736
533 0.345933 -0.466175
2203 0.317432 -0.47711
2204 -0.0668004 -0.630242
256 0.422092 -0.479298
255 0.407206 -0.480313
1566 0.0869412 -0.587489
1565 0.26528 -0.500255
881 0.102621 -0.595209
882 0.0839457 -0.615585
501 0.364538 -0.500419
502 0.530867 -0.409025
500 0.150202 -0.591987
499 0.201233 -0.521773
1881 0.19587 -0.557654
1882 0.504298 -0.40277
863 0.23257 -0.546346
864 0.39032 -0.471527
1245 0.188537 -0.55847
1246 0.0918731 -0.561526
1367 0.217059 -0.567951
1368 0.380389 -0.500711
1515 0.229569 -0.57588
1516 0.431181 -0.479146
2021 0.370458 -0.463873
2022 0.0203236 -0.60887
438 0.0882682 -0.624958
437 0.274762 -0.527069
2166 0.100546 -0.612646
2165 0.0565377 -0.60697
1304 0.0368364 -0.594801
1303 0.373291 -0.469497
9 -0.0188095 -0.673952
10 0.243756 -0.563319
2800 0.21066 -0.574023
2799 0.188207 -0.569672
1264 0.225097 -0.553746
1263 0.454231 -0.448472
1448 0.18726 -0.574556
1447 0.0807911 -0.598368
514 0.232949 -0.553055
513 0.282475 -0.486706
1634 0.207045 -0.568365
1633 0.279531 -0.495015
627 0.359607 -0.476911
628 0.466093 -0.415814
3296 0.160852 -0.585658
3295 0.205427 -0.520041
2464 -0.00238891 -0.616968
2463 0.268044 -0.511891
189 0.159574 -0.598132
190 0.393684 -0.471761
1976 0.298721 -0.518932
1975 0.40507 -0.476094
1744 0.285781 -0.481863
1743 0.226916 -0.508951
1795 0.264663 -0.532012
1796 0.0888126 -0.596478
678 0.36327 -0.471162
677 0.043475 -0.57869
900 0.365471 -0.460095
899 0.0864261 -0.582817
3501 0.369744 -0.461317
3502 0.424948 -0.442074
2944 0.11456 -0.608865
2943 0.0796009 -0.590699
2879 0.383232 -0.479989
2880 0.0765659 -0.608098
1006 0.0905523 -0.613299
1005 -0.0581846 -0.644198
616 0.15473 -0.557664
615 0.301041 -0.482428
2386 0.424163 -0.495177
2385 0.106806 -0.565731
1203 0.125875 -0.565551
1204 0.370296 -0.446126
689 0.368481 -0.506372
690 0.0856135 -0.615808
1954 0.400615 -0.458336
1953 0.101268 -0.573198
2517 0.0669425 -0.625605
2518 0.32998 -0.462748
3485 0.184469 -0.529437
3486 0.121845 -0.561756
124 0.427273 -0.485435
123 0.288 -0.535083
1641 0.0253238 -0.616862
1642 0.47857 -0.423388
1131 0.349811 -0.521574
1132 0.410302 -0.467317
1119 0.127086 -0.588148
1120 0.20251 -0.550957
2307 0.191823 -0.538846
2308 0.23834 -0.503813
3091 0.0459181 -0.609375
3092 -0.0216607 -0.614997
2936 0.222523 -0.553201
2935 -0.0530369 -0.653587
1681 0.450182 -0.46131
1682 -0.0204288 -0.60853
1746 0.377183 -0.468457
1745 0.148965 -0.570107
1262 -0.00632016 -0.624827
1261 0.134923 -0.54482
3006 0.0736392 -0.623521
3005 -0.00686693 -0.612221
3243 0.274954 -0.533743
3244 0.257375 -0.517371
2078 0.10229 -0.617852
2077 0.143768 -0.58636
1939 0.342548 -0.512261
1940 0.223687 -0.532002
2490 0.494759 -0.457232
2489 0.432666 -0.468699
2380 0.142132 -0.58081
2379 0.338357 -0.459878
2398 0.210763 -0.54709
2397 0.116919 -0.576574
364 0.406057 -0.478602
363 0.295609 -0.488329
604 0.0955885 -0.611917
603 0.125325 -0.581929
2092 0.459861 -0.466718
2091 0.520602 -0.419822
370 0.179837 -0.559436
369 0.390935 -0.462101
3156 0.402333 -0.465713
3155 0.356972 -0.482688
2235 0.30336 -0.519145
2236 0.0798648 -0.629442
2806 0.254208 -0.5397
2805 0.0821321 -0.571431
1004 0.261418 -0.539268
1003 0.284776 -0.474945
669 0.291759 -0.491434
670 0.152142 -0.546471
1730 0.204994 -0.57636
1729 0.3943 -0.479323
3162 0.197336 -0.568516
3161 0.251178 -0.497951
1141 0.257062 -0.518229
1142 0.105846 -0.56172
766 0.37138 -0.475015
765 0.492671 -0.415484
1348 0.0611681 -0.648805
1347 0.497769 -0.457221
1200 0.0867521 -0.628349
1199 0.0874659 -0.579808
1686 0.176998 -0.573515
1685 0.102239 -0.593659
815 0.220516 -0.557975
816 0.274323 -0.528767
1631 0.270769 -0.513204
1632 0.190672 -0.544355
335 0.134968 -0.570896
336 0.411916 -0.433864
3366 0.0596422 -0.624243
3365 0.145032 -0.545661
3540 0.0447195 -0.59412
3539 0.260086 -0.495949
2185 0.336393 -0.487498
2186 0.216715 -0.553257
3163 0.0346039 -0.644623
3164 0.254755 -0.531119
901 0.331172 -0.477846
902 0.243161 -0.543778
3060 0.111759 -0.593718
3059 0.180716 -0.588756
2711 0.035234 -0.597246
2712 0.135144 -0.580429
1286 0.417418 -0.495715
1285 0.39844 -0.480791
179 0.389959 -0.498704
180 0.126357 -0.579367
3364 0.245727 -0.550029
3363 0.283663 -0.513064
2684 0.306807 -0.507417
2683 0.057671 -0.581356
851 0.142094 -0.568167
852 0.107923 -0.566144
2974 -0.00383394 -0.637433
2973 0.333633 -0.483231
2476 0.377154 -0.460271
2475 0.514667 -0.4144
1060 0.146704 -0.554308
1059 0.273779 -0.486688
931 0.371322 -0.480882
932 0.336074 -0.516913
456 0.399499 -0.486982
455 0.0497892 -0.591985
1706 0.109223 -0.619495
1705 0.204849 -0.550794
2592 -0.0146631 -0.630656
2591 0.135404 -0.563206
2691 0.00653479 -0.641195
2692 0.101887 -0.596264
412 0.14501 -0.605269
411 0.184323 -0.538236
83 0.136158 -0.60458
84 0.0798743 -0.589671
1678 0.150714 -0.560784
1677 0.379185 -0.449098
376 0.303064 -0.517585
375 0.37247 -0.471456
82 0.407199 -0.465083
81 0.267753 -0.486774
3311 0.0522299 -0.614652
3312 0.515737 -0.438699
2155 0.207969 -0.575467
2156 0.29072 -0.535239
2300 -0.00573117 -0.660037
2299 0.0715819 -0.593059
667 0.0174276 -0.63163
668 0.397859 -0.442951
302 0.290788 -0.512681
301 0.264566 -0.511815
3424 0.234632 -0.535239
3423 0.116173 -0.542545
474 0.329739 -0.483666
473 0.211755 -0.543417
3002 0.339848 -0.483693
3001 0.276165 -0.527299
300 0.200362 -0.552551
299 0.122333 -0.592339
1941 0.360151 -0.488213
1942 0.158003 -0.584066
3375 0.348192 -0.499368
3376 0.0790151 -0.603372
2665 0.0238223 -0.594414
2666 0.157687 -0.55065
872 0.532883 -0.455367
871 0.345529 -0.53614
3149 0.363862 -0.489657
3150 0.0888191 -0.590502
704 0.196207 -0.564607
703 0.185058 -0.52598
1871 0.400476 -0.465556
1872 0.401473 -0.466573
329 0.271372 -0.529
330 0.310362 -0.529884
266 0.345427 -0.504399
265 0.0495731 -0.574232
3229 0.122769 -0.604083
3230 0.101587 -0.581646
2741 0.466617 -0.463277
2742 0.223282 -0.559146
163 0.189601 -0.567961
164 0.408506 -0.49194
1272 0.222856 -0.534408
1271 0.102078 -0.551963
624 0.29963 -0.495863
623 0.257758 -0.520692
2005 0.192022 -0.529061
2006 0.217667 -0.539453
2612 0.361581 -0.444331
2611 0.182027 -0.533104
1923 0.460301 -0.472284
1924 0.0766179 -0.635796
71 0.191062 -0.571277
72 0.19197 -0.525023
1894 0.418137 -0.470423
1893 0.0623177 -0.585979
2416 0.236397 -0.549766
2415 0.262453 -0.516504
2439 0.335306 -0.495078
2440 0.216936 -0.575945
2190 0.185372 -0.550698
2189 0.190592 -0.550444
1335 0.241578 -0.575197
1336 0.0840938 -0.601425
934 0.333583 -0.480724
933 0.060168 -0.565322
1964 -0.053176 -0.671126
1963 0.389483 -0.493773
887 0.0272431 -0.624339
888 0.076725 -0.618757
1225 0.46298 -0.45953
1226 0.120002 -0.558547
693 0.100141 -0.613282
694 0.301988 -0.532153
1122 0.270999 -0.526939
1121 0.279201 -0.495706
2615 0.194442 -0.547838
2616 0.148828 -0.552258
493 0.250569 -0.566706
494 0.342335 -0.491958
2704 0.171902 -0.595062
2703 -0.0717544 -0.631806
3420 0.183194 -0.563573
3419 0.200583 -0.546814
1052 0.371539 -0.489589
1051 0.18311 -0.530086
3142 0.362954 -0.498998
3141 0.146028 -0.550673
2642 0.0192274 -0.62252
2641 0.290217 -0.514314
3589 0.267451 -0.528418
3590 -0.0161985 -0.62284
594 0.253492 -0.550389
593 0.00611048 -0.62968
3512 0.377776 -0.466078
3511 0.162583 -0.577829
3483 0.0481912 -0.646341
3484 0.277857 -0.491995
607 -0.0155645 -0.661793
608 0.390448 -0.471022
1490 -0.0239238 -0.650068
1489 0.423284 -0.466578
819 0.095925 -0.627501
820 0.292669 -0.530179
2222 0.240366 -0.579195
2221 0.247974 -0.536237
170 0.219564 -0.550854
169 0.130237 -0.600059
2352 0.207139 -0.599311
2351 0.39728 -0.490854
1904 0.278895 -0.562431
1903 -0.052914 -0.665744
3303 0.425554 -0.482968
3304 0.515626 -0.443689
1666 0.318828 -0.544444
1665 0.383142 -0.488777
1698 0.43229 -0.491669
1697 0.0215687 -0.616424
632 0.0135193 -0.610821
631 0.304957 -0.468205
3232 0.144307 -0.565771
3231 0.18284 -0.538371
3228 0.397545 -0.462286
3227 0.0262221 -0.583443
3016 0.331037 -0.508842
3015 0.218231 -0.529206
272 0.0535212 -0.624415
271 0.116522 -0.587064
574 0.13838 -0.601047
573 0.0235069 -0.613438
504 0.00861281 -0.644734
503 0.0539309 -0.59912
2329 0.189142 -0.581859
2330 0.147619 -0.548774
2201 0.291909 -0.506587
2202 0.258758 -0.517659
3322 0.283015 -0.506709
3321 0.0927767 -0.56574
1381 0.306236 -0.513843
1382 0.334008 -0.533603
403 0.0539773 -0.594734
404 0.2906 -0.478075
3319 0.207406 -0.574532
3320 0.318786 -0.488937
1236 0.0812729 -0.645532
1235 0.0751037 -0.627895
2539 0.422197 -0.459027
2540 0.0538731 -0.605494
890 0.0331416 -0.630544
889 0.0438358 -0.651158
674 0.0653598 -0.627711
673 0.411051 -0.501488
3474 0.120852 -0.57345
3473 0.150062 -0.524336
195 0.126277 -0.573285
196 0.0680239 -0.635206
2290 0.424619 -0.499933
2289 0.0188808 -0.636472
3111 0.406112 -0.486796
3112 0.0572639 -0.602042
1747 -0.0647524 -0.636796
1748 0.207211 -0.547475
2633 0.241861 -0.573436
2634 0.0167607 -0.605871
2493 0.236571 -0.536389
2494 0.186301 -0.595762
651 0.322756 -0.511531
652 0.252408 -0.518321
2644 0.425665 -0.454175
2643 0.282387 -0.530726
1079 0.111326 -0.636077
1080 0.294058 -0.524756
2110 0.214352 -0.545515
2109 0.362764 -0.480642
2804 0.178136 -0.554149
2803 0.155192 -0.605276
3253 0.0856187 -0.636266
3254 0.320126 -0.516833
884 0.0934267 -0.57662
883 0.305046 -0.477036
1128 0.374637 -0.524597
1127 0.449401 -0.478782
553 0.100764 -0.585938
554 0.219686 -0.546985
3202 0.11339 -0.633074
3201 0.142399 -0.583937
954 0.0132318 -0.636805
953 -0.0398145 -0.634677
468 0.280719 -0.521823
467 0.107995 -0.591552
1291 0.176557 -0.583988
1292 -0.0173507 -0.628393
2677 0.289935 -0.530732
2678 0.136727 -0.584393
1592 0.174506 -0.559667
1591 0.386139 -0.462157
987 0.261593 -0.527439
988 0.379314 -0.515213
472 0.302688 -0.515559
471 0.138441 -0.598336
1299 0.125212 -0.555391
1300 0.248431 -0.527322
584 0.0354727 -0.615365
583 0.241262 -0.557502
2118 0.223719 -0.540289
2117 0.206731 -0.559078
830 -0.037564 -0.628788
829 0.105974 -0.564692
3448 0.176875 -0.604376
3447 0.30506 -0.54255
383 0.372261 -0.464369
384 0.414028 -0.451766
1363 0.129544 -0.56301
1364 0.249069 -0.507083
3560 0.132807 -0.631438
3559 0.224155 -0.540219
1865 0.333678 -0.477446
1866 0.418214 -0.435546
3586 -0.0243576 -0.630979
3585 0.103681 -0.593942
975 0.106524 -0.610549
976 0.436275 -0.483054
2090 0.391141 -0.473981
2089 0.131054 -0.58011
1948 0.115554 -0.604062
1947 0.200364 -0.543001
168 0.356848 -0.45627
167 0.290845 -0.479856
7 0.203144 -0.527948
8 -0.0594308 -0.635511
1463 0.195181 -0.593363
1464 0.229165 -0.54971
2896 0.44477 -0.456509
2895 0.107005 -0.576392
475 0.311856 -0.522166
476 0.0622176 -0.598392
2531 0.413057 -0.463885
2532 0.0868284 -0.551657
2067 0.0439346 -0.63929
2068 0.454509 -0.4791
1554 0.167563 -0.582575
1553 0.0197249 -0.619327
415 0.275246 -0.501121
416 0.0474736 -0.609453
197 0.0176342 -0.612366
198 -0.0944798 -0.647739
182 0.133928 -0.611815
181 -0.0579867 -0.647908
2758 0.21636 -0.589741
2757 0.234324 -0.5185
3458 0.325494 -0.518077
3457 0.189855 -0.514377
261 0.176013 -0.546318
262 0.326224 -0.462023
1836 0.409581 -0.498443
1835 0.181777 -0.564971
1773 0.0975223 -0.625145
1774 -0.0426297 -0.618255
2106 0.171888 -0.561737
2105 0.108773 -0.580754
3077 0.22426 -0.54759
3078 0.0656939 -0.628653
1767 0.387737 -0.500856
1768 0.111306 -0.542045
3266 0.388918 -0.493341
3265 0.0148329 -0.62161
69 0.509808 -0.478611
70 0.0414407 -0.634129
1243 0.0345987 -0.646196
1244 0.306726 -0.50715
314 0.067356 -0.598731
313 0.514324 -0.45762
2142 0.203019 -0.521303
2141 0.102689 -0.564334
1510 0.298519 -0.502888
1509 0.230553 -0.499936
1726 -0.0400873 -0.623049
1725 0.038782 -0.589364
2680 0.0528421 -0.640239
2679 0.371944 -0.480552
2173 0.372024 -0.45313
2174 0.219183 -0.495966
1527 0.214616 -0.539134
1528 0.0629649 -0.643539
3480 0.0733394 -0.618127
3479 0.171421 -0.580159
2285 0.1774 -0.600917
2286 0.369036 -0.494433
735 0.0375124 -0.654644
736 0.195319 -0.579251
1401 0.359869 -0.49073
1402 0.222615 -0.537204
2577 0.266289 -0.542759
2578 0.1288 -0.594201
2045 0.402223 -0.462751
2046 0.441524 -0.447832
104 0.122653 -0.602779
103 0.457927 -0.425704
1393 0.304049 -0.502498
1394 0.233928 -0.560449
867 0.0134404 -0.622103
868 0.251366 -0.524361
2599 0.0208228 -0.637284
2600 0.194857 -0.572846
1710 0.321115 -0.533085
1709 0.068914 -0.638385
3495 0.190187 -0.601721
3496 0.330587 -0.481228
3184 -0.0206671 -0.609097
3183 0.344826 -0.500138
1645 0.261513 -0.536184
1646 0.299155 -0.511792
1139 0.344265 -0.482877
1140 0.274419 -0.495122
2276 0.190035 -0.550685
2275 0.34757 -0.468369
2157 0.0926544 -0.628171
2158 0.144302 -0.550558
2773 0.358734 -0.512694
2774 0.26444 -0.493881
2605 0.337571 -0.480267
2606 0.224839 -0.54083
940 0.28938 -0.525402
939 0.0623181 -0.593503
1816 0.16958 -0.564048
1815 0.192374 -0.524603
3346 0.12971 -0.621169
3345 0.336335 -0.46021
1403 0.38189 -0.46131
1404 0.0957644 -0.597714
2815 0.122488 -0.57789
2816 0.161465 -0.599202
2097 0.362491 -0.495662
2098 0.451952 -0.443107
578 0.378767 -0.460264
577 -0.0487136 -0.62767
597 0.00510661 -0.625052
598 0.238528 -0.533778
349 0.0428671 -0.592608
350 0.0692972 -0.589676
2443 0.282044 -0.521112
2444 0.213769 -0.569526
3400 0.0944076 -0.570525
3399 0.265553 -0.511248
192 -0.0328808 -0.641379
191 0.332266 -0.498086
3433 0.167593 -0.622049
3434 0.299536 -0.512328
2048 0.437698 -0.487346
2047 0.440055 -0.46014
66 0.245497 -0.586868
65 0.127944 -0.618068
424 -0.0289809 -0.623024
423 0.126527 -0.545987
2146 0.275464 -0.552298
2145 0.116406 -0.585648
2584 0.311771 -0.554578
2583 0.265207 -0.489554
2933 0.0510859 -0.676552
2934 0.0502615 -0.66833
2311 0.0999973 -0.657069
2312 0.298716 -0.501663
3314 0.309147 -0.491716
3313 0.363811 -0.494583
2778 0.0447734 -0.578761
2777 0.376191 -0.436529
1075 0.29806 -0.578608
1076 0.15365 -0.556217
1623 0.299311 -0.483506
1624 0.323087 -0.460078
960 0.400455 -0.466913
959 0.320406 -0.500779
241 0.17096 -0.570765
242 0.0872982 -0.617679
2640 0.198149 -0.565776
2639 0.0514424 -0.620507
790 0.42953 -0.516429
789 0.213735 -0.595572
2317 0.333108 -0.547632
2318 0.287131 -0.576149
337 0.267342 -0.523342
338 0.0438904 -0.641696
1473 0.300252 -0.554073
1474 0.239189 -0.507394
3023 0.190262 -0.568098
3024 0.391435 -0.44758
550 0.16665 -0.566722
549 0.380565 -0.497625
757 0.424079 -0.491939
758 0.171768 -0.5343
1361 0.0313875 -0.628534
1362 0.000414675 -0.625657
340 0.129318 -0.615933
339 0.171309 -0.559455
3338 0.319354 -0.550758
3337 0.185598 -0.559101
1944 0.300546 -0.498285
1943 0.428864 -0.48284
648 0.290989 -0.514232
647 0.180991 -0.61386
1994 0.0487259 -0.650571
1993 0.139225 -0.60545
392 0.160019 -0.557323
391 0.303607 -0.480132
1843 0.195191 -0.550885
1844 0.311987 -0.545239
2250 -0.0395291 -0.634418
2249 0.0146889 -0.60378
1668 0.216993 -0.585218
1667 0.271605 -0.504972
1928 0.190657 -0.591674
1927 -0.02037 -0.614275
3034 0.176354 -0.568297
3033 0.0931858 -0.640956
2434 0.265121 -0.545568
2433 0.0419771 -0.625295
68 0.0933397 -0.649966
67 0.278715 -0.512926
2075 0.280528 -0.50144
2076 0.183248 -0.577614
2246 0.273621 -0.487784
2245 0.23331 -0.549297
1821 0.240127 -0.542875
1822 0.375631 -0.536359
1162 0.258964 -0.560542
1161 -0.01165 -0.610116
2072 0.237316 -0.531079
2071 0.343255 -0.494882
1365 0.0611833 -0.59458
1366 0.443099 -0.51664
1087 0.359446 -0.513013
1088 0.277703 -0.525599
2885 0.00628838 -0.599247
2886 0.307777 -0.482901
2205 0.237373 -0.56277
2206 0.0387209 -0.607326
3067 0.310111 -0.563998
3068 0.101335 -0.623844
1086 0.0397323 -0.608989
1085 0.298601 -0.496981
1057 0.241851 -0.595939
1058 0.0134239 -0.617679
378 0.0282118 -0.662238
377 0.355503 -0.512267
324 0.167742 -0.561339
323 -0.0213881 -0.635521
1023 0.389644 -0.526052
1024 0.170373 -0.616549
3500 -0.00231097 -0.61312
3499 0.148122 -0.551078
2561 0.198031 -0.560275
2562 0.101286 -0.63473
2226 -0.0468143 -0.632059
2225 0.484428 -0.47382
3529 0.0552241 -0.585789
3530 0.21893 -0.511845
3547 0.0722847 -0.597294
3548 0.254068 -0.520879
972 0.139706 -0.568128
971 0.300441 -0.525289
2827 0.209561 -0.54253
2828 0.0679095 -0.592231
1158 0.438504 -0.44595
1157 0.194886 -0.51136
2842 0.38074 -0.479806
2841 0.0319442 -0.623864
1902 0.19213 -0.583661
1901 0.013692 -0.605153
791 0.204484 -0.608501
792 0.319789 -0.558966
2360 0.404574 -0.512458
2359 0.187957 -0.509682
708 0.342762 -0.552618
707 0.31215 -0.576812
2348 0.310681 -0.516298
2347 0.437081 -0.482991
2135 0.170874 -0.539809
2136 0.255006 -0.57077
782 0.122523 -0.626279
781 0.349076 -0.510441
1716 0.380222 -0.529007
1715 0.249479 -0.582951
1055 0.366159 -0.466175
1056 0.408245 -0.45034
1831 0.35933 -0.523561
1832 0.114351 -0.60929
3029 0.157761 -0.611133
3030 0.35016 -0.459285
718 0.46329 -0.495073
717 0.464328 -0.46789
2082 0.301938 -0.497632
2081 0.137669 -0.534804
1412 0.362898 -0.544227
1411 -0.0640632 -0.629691
2713 0.176599 -0.532544
2714 0.164961 -0.570637
1491 0.501646 -0.462137
1492 0.389098 -0.477468
2176 0.300201 -0.501337
2175 0.283919 -0.554549
1198 0.112275 -0.621279
1197 0.0582324 -0.651556
232 0.356071 -0.461879
231 0.159784 -0.521944
1212 0.378063 -0.446582
1211 0.303795 -0.47716
1495 0.204012 -0.530378
1496 0.250758 -0.507902
3189 -0.0157722 -0.621724
3190 0.0866086 -0.624499
984 0.340324 -0.503843
983 0.137867 -0.533484
1134 0.415423 -0.470186
1133 0.373104 -0.543257
1337 0.161965 -0.622126
1338 0.313561 -0.55523
2674 0.155136 -0.58555
2673 0.213529 -0.598591
3525 0.353061 -0.463231
3526 0.380933 -0.451134
2172 0.259218 -0.574509
2171 0.368812 -0.439633
1760 0.170692 -0.60485
1759 0.321005 -0.492027
2280 0.271122 -0.583064
2279 0.271761 -0.505991
1914 -0.0354295 -0.629851
1913 -0.0366122 -0.617432
565 0.147663 -0.621986
566 0.188674 -0.56322
3274 0.249667 -0.588957
3273 0.06083 -0.663432
2955 0.133116 -0.607618
2956 0.328149 -0.474242
2849 -0.000818434 -0.611751
2850 0.199556 -0.548216
220 0.48147 -0.484302
219 0.40617 -0.494496
3055 0.332247 -0.478701
3056 0.338537 -0.470659
3256 0.262544 -0.498434
3255 0.0328006 -0.575646
357 0.109724 -0.629961
358 0.280158 -0.542311
2632 0.322722 -0.522207
2631 0.232265 -0.583656
1732 0.0427509 -0.621889
1731 -0.0633883 -0.624043
2512 0.427245 -0.460436
2511 0.247099 -0.571862
1223 0.120433 -0.567298
1224 0.103834 -0.57448
1600 0.0510816 -0.601969
1599 0.000616084 -0.588304
3057 0.160867 -0.543459
3058 0.0172384 -0.614046
1298 0.359467 -0.535441
1297 0.355803 -0.477475
1044 0.330005 -0.48276
1043 0.254149 -0.572667
966 0.370907 -0.536835
965 0.220807 -0.506047
1049 0.223338 -0.550575
1050 0.290194 -0.471097
3450 0.353188 -0.557947
3449 0.491977 -0.452939
3049 0.341712 -0.452495
3050 0.190114 -0.511263
2408 -0.05973 -0.64905
2407 0.491743 -0.48667
1000 0.273415 -0.555825
999 -0.0373701 -0.636851
1967 0.0236412 -0.602347
1968 0.114659 -0.634749
2659 0.0943776 -0.661123
2660 0.372542 -0.523218
1021 0.456217 -0.452803
1022 0.0863221 -0.619273
2162 -0.0119459 -0.654689
2161 0.471143 -0.474048
2129 0.244927 -0.606545
2130 0.172769 -0.619248
3224 0.199965 -0.589146
3223 0.0758689 -0.618912
447 0.0930463 -0.609949
448 0.499825 -0.477282
544 0.219414 -0.608082
543 0.187471 -0.609692
1110 0.399847 -0.514136
1109 0.353345 -0.481
2272 0.0986001 -0.614002
2271 0.486724 -0.42788
903 0.228289 -0.577944
904 0.355783 -0.522188
2976 0.293737 -0.507984
2975 0.149314 -0.599118
1114 0.178681 -0.576016
1113 0.380568 -0.53224
3047 0.319461 -0.492988
3048 0.1582 -0.549009
395 0.174427 -0.599491
396 0.106824 -0.562123
432 0.405288 -0.52633
431 0.27686 -0.501726
1662 0.174798 -0.618816
1661 0.439593 -0.473259
1885 0.44994 -0.461302
1886 0.0268223 -0.624667
695 0.371923 -0.485103
696 0.0458735 -0.630193
1418 0.315827 -0.538376
1417 0.0587031 -0.627586
3128 0.236977 -0.568222
3127 0.360963 -0.442232
3302 0.171669 -0.602238
3301 0.234404 -0.549847
257 0.13135 -0.57009
258 0.0882263 -0.63752
397 -0.0105741 -0.645467
398 0.174236 -0.613329
3268 0.446607 -0.471305
3267 0.508704 -0.463084
1178 0.0728776 -0.601198
1177 0.301677 -0.507404
2074 0.424095 -0.508616
2073 0.0878032 -0.574187
557 0.262868 -0.503821
558 0.0829072 -0.609206
1627 0.28937 -0.535991
1628 0.388226 -0.527158
1981 0.120255 -0.635187
1982 0.0905045 -0.629266
1664 0.18543 -0.540598
1663 -0.103741 -0.640616
1959 0.060306 -0.616458
1960 -0.0753073 -0.628328
2265 0.161716 -0.55472
2266 0.508305 -0.45281
2297 0.1883 -0.553907
2298 0.112089 -0.630793
2064 0.350719 -0.523555
2063 0.355315 -0.485034
834 0.248499 -0.541072
833 0.368771 -0.460812
635 0.043702 -0.651192
636 0.383795 -0.45573
1694 0.378336 -0.483261
1693 0.434917 -0.453109
1265 0.153776 -0.551896
1266 0.120375 -0.557483
2207 0.375636 -0.510466
2208 0.199076 -0.526479
1659 0.32024 -0.528573
1660 0.0949342 -0.652477
3518 0.312375 -0.493515
3517 0.180742 -0.516307
1772 0.0150492 -0.627277
1771 0.345949 -0.481215
1529 0.366336 -0.497406
1530 0.240619 -0.610835
3191 0.310946 -0.554178
3192 0.190791 -0.61492
176 0.283129 -0.59284
175 0.257797 -0.534363
1152 0.101937 -0.643741
1151 0.306109 -0.546048
2355 0.22031 -0.596127
2356 0.120835 -0.634866
1146 0.175894 -0.610267
1145 0.474959 -0.458709
2079 -0.0730321 -0.633908
2080 0.0300646 -0.632411
2916 0.243581 -0.507751
2915 0.308585 -0.474825
1918 0.199429 -0.604855
1917 0.102204 -0.576477
280 0.241134 -0.585348
279 0.326768 -0.524756
1325 -0.0014065 -0.630594
1326 0.0141222 -0.632492
2541 0.355535 -0.54757
2542 0.138686 -0.615735
1932 0.224466 -0.585895
1931 0.217932 -0.538782
230 0.142952 -0.617202
229 -0.00223463 -0.606155
452 0.248138 -0.535487
451 0.176547 -0.547044
3280 0.190343 -0.55633
3279 0.375979 -0.477235
1130 0.116666 -0.621301
1129 0.12775 -0.553877
2857 0.0217564 -0.654363
2858 0.208744 -0.558506
1078 0.294809 -0.547163
1077 0.249991 -0.583084
3428 0.279692 -0.512184
3427 0.253044 -0.521325
1095 0.390611 -0.4696
1096 0.531054 -0.460027
2332 0.0869348 -0.638416
2331 0.207813 -0.506098
706 0.320346 -0.511557
705 0.406058 -0.498523
1360 0.184318 -0.552627
1359 0.460684 -0.476807
25 0.123934 -0.627418
26 0.275477 -0.515593
1658 0.261563 -0.573853
1657 0.305485 -0.521967
862 0.203249 -0.561418
861 0.347272 -0.544432
3003 0.119557 -0.618749
3004 0.399649 -0.465404
3519 0.333424 -0.548375
3520 0.288081 -0.528188
2124 0.233265 -0.533795
2123 0.0960301 -0.582452
1045 0.397741 -0.527907
1046 0.420986 -0.509776
1016 0.0993251 -0.594849
1015 0.168844 -0.558355
1184 0.191354 -0.564467
1183 0.0658038 -0.618606
2149 0.342064 -0.470677
2150 0.178291 -0.599946
360 0.454708 -0.473271
359 0.262021 -0.57458
3545 0.305859 -0.507346
3546 0.530233 -0.432121
2888 0.418922 -0.498697
2887 0.0310734 -0.623018
3443 0.175776 -0.588991
3444 0.396584 -0.442489
1106 0.200095 -0.583958
1105 0.142749 -0.623917
21 0.154535 -0.622944
22 0.217146 -0.590523
1713 0.256344 -0.564567
1714 -0.00961552 -0.646543
2589 0.340153 -0.532066
2590 0.376849 -0.461677
3104 0.261059 -0.54959
3103 0.25373 -0.5017
134 0.360988 -0.543787
133 0.534326 -0.450316
876 0.494846 -0.467778
875 0.19936 -0.553173
2824 0.467083 -0.468302
2823 0.330088 -0.506411
646 0.210101 -0.539496
645 0.0793262 -0.607938
1812 0.361685 -0.486469
1811 -0.0155907 -0.629108
2258 0.23259 -0.51577
2257 0.0803335 -0.562486
1322 0.49216 -0.442257
1321 0.0763615 -0.578779
3477 -0.026477 -0.636853
3478 0.102838 -0.626527
2418 0.215175 -0.537656
2417 0.167079 -0.617116
2426 0.116831 -0.628581
2425 0.471307 -0.447366
3171 0.313967 -0.540709
3172 0.116076 -0.63265
1778 0.0103112 -0.649551
1777 0.400347 -0.498703
2287 0.31877 -0.507205
2288 0.0718312 -0.567513
3222 0.266162 -0.484241
3221 0.252002 -0.511996
2503 0.181665 -0.564674
2504 0.409355 -0.471505
3064 0.0939163 -0.598528
3063 0.00239718 -0.656339
1494 0.0628675 -0.663813
1493 0.0694344 -0.643012
3387 0.400725 -0.502335
3388 0.387696 -0.486324
2103 0.0962843 -0.639493
2104 0.11129 -0.594806
2455 0.298759 -0.529083
2456 0.439203 -0.473915
2088 0.0953977 -0.584039
2087 0.115803 -0.601737
177 0.104871 -0.600456
178 0.26053 -0.493652
2941 0.279184 -0.504021
2942 0.256797 -0.545727
547 0.154432 -0.598749
548 0.311699 -0.518461
2685 0.0115344 -0.619945
2686 0.267588 -0.539472
3285 0.117981 -0.627677
3286 0.464157 -0.464366
3359 0.262312 -0.556541
3360 0.109261 -0.607871
354 0.449515 -0.443678
353 0.127051 -0.5521
1887 0.508754 -0.45122
1888 0.27351 -0.525494
2760 0.440325 -0.497621
2759 0.144949 -0.587158
122 0.184024 -0.576739
121 0.333881 -0.459943
3583 0.147501 -0.571345
3584 0.365126 -0.476298
541 0.0403901 -0.636742
542 0.134547 -0.622624
818 0.0229655 -0.641578
817 0.299992 -0.491967
2259 0.0779637 -0.63044
2260 0.415185 -0.447694
1712 0.446863 -0.494212
1711 0.266015 -0.509438
315 0.196878 -0.552877
316 0.239042 -0.550748
2113 0.145242 -0.607012
2114 0.426039 -0.503346
1439 0.289091 -0.493855
1440 0.385298 -0.478452
1165 0.131881 -0.599097
1166 0.270674 -0.490818
2931 0.330334 -0.475747
2932 0.0448574 -0.59267
658 0.353534 -0.460209
657 0.329815 -0.459105
3542 0.285914 -0.498605
3541 0.0323333 -0.605743
466 0.403202 -0.519335
465 0.126588 -0.619128
1408 0.166312 -0.560544
1407 0.39964 -0.487167
2926 0.128376 -0.594086
2925 0.159401 -0.574232
1443 0.241341 -0.600664
1444 0.312128 -0.489009
1780 0.298741 -0.537199
1779 0.123566 -0.619804
526 0.441056 -0.466554
525 0.458417 -0.438217
2382 0.24457 -0.58466
2381 0.36481 -0.523909
2709 0.380721 -0.481006
2710 0.411325 -0.445536
1309 0.418741 -0.470783
1310 0.396518 -0.48413
331 0.23428 -0.586759
332 0.352122 -0.517197
2268 0.0881286 -0.587651
2267 0.244151 -0.571002
1582 0.145163 -0.584703
1581 0.327468 -0.509465
1847 -0.0334853 -0.652764
1848 0.0583472 -0.582728
691 -0.00235466 -0.638739
692 0.143273 -0.628478
617 0.17595 -0.555047
618 0.40017 -0.506114
2996 0.176487 -0.605307
2995 0.177957 -0.590989
59 -0.0692624 -0.652548
60 0.0108055 -0.587244
1601 0.281675 -0.577915
1602 0.145782 -0.594834
1804 0.377012 -0.46844
1803 0.0809016 -0.650762
3354 -0.0664364 -0.650103
3353 0.229759 -0.565302
304 0.29486 -0.559154
303 0.428165 -0.427688
1536 0.511851 -0.424025
1535 0.216422 -0.564571
923 0.158668 -0.595525
924 0.0965421 -0.637019
1823 0.354882 -0.537669
1824 -0.04491 -0.633052
2782 0.0606226 -0.610342
2781 0.126117 -0.630735
1786 0.0960144 -0.648523
1785 0.353087 -0.471133
52 0.20193 -0.539462
51 0.220098 -0.543377
1594 0.347471 -0.522703
1593 0.357052 -0.472098
981 0.358509 -0.468204
982 0.368777 -0.442426
355 0.283662 -0.530356
356 0.171878 -0.572269
1426 -0.0263511 -0.621965
1425 0.367595 -0.466432
2023 0.0470781 -0.590917
2024 0.290626 -0.515915
2243 0.131683 -0.649544
2244 0.405726 -0.458067
2112 0.336051 -0.50145
2111 0.358762 -0.466807
238 0.14743 -0.549098
237 0.331183 -0.451706
2716 0.407546 -0.448249
2715 0.1344 -0.617784
2978 0.0513302 -0.63878
2977 0.264181 -0.510332
1398 0.403592 -0.477069
1397 0.188335 -0.538373
3315 0.380366 -0.54157
3316 0.445733 -0.491982
2274 0.429954 -0.505867
2273 0.110781 -0.606222
2817 0.141949 -0.570755
2818 0.0949704 -0.618046
3122 0.374527 -0.501362
3121 0.235955 -0.523475
2945 0.255559 -0.522292
2946 0.270057 -0.52155
3175 0.304425 -0.478699
3176 0.0623163 -0.562624
2012 0.377156 -0.449454
2011 0.350529 -0.47649
588 0.129464 -0.579932
587 0.0995508 -0.645993
2474 0.309995 -0.470436
2473 0.265609 -0.528384
738 0.157773 -0.633698
737 0.212022 -0.568554
128 -0.0153419 -0.628658
127 0.417825 -0.499402
236 0.117883 -0.550745
235 0.0454443 -0.565658
2168 0.36014 -0.491425
2167 0.288309 -0.578339
41 0.215295 -0.566596
42 0.100514 -0.602882
2409 0.232913 -0.525227
2410 0.0198085 -0.644202
1374 0.368262 -0.477025
1373 0.274806 -0.583819
3573 0.306007 -0.572745
3574 0.0886312 -0.641781
108 0.399231 -0.482804
107 0.255462 -0.518687
1564 0.537582 -0.440681
1563 0.375451 -0.501791
2902 0.408143 -0.513301
2901 0.458309 -0.452381
2650 0.257493 -0.59056
2649 0.110836 -0.574987
2263 0.350767 -0.488552
2264 0.304895 -0.562008
1989 0.383282 -0.529296
1990 0.255283 -0.557988
535 0.1513 -0.569003
536 0.313727 -0.489152
3521 0.415696 -0.445969
3522 0.411359 -0.453151
74 0.437795 -0.464022
73 0.234551 -0.514517
2056 -0.000835483 -0.595616
2055 0.312169 -0.510715
174 0.362214 -0.451579
173 0.21812 -0.576895
2441 0.3917 -0.499167
2442 0.334004 -0.472687
228 0.366184 -0.447144
227 0.545919 -0.446686
1392 0.16505 -0.551988
1391 0.0626841 -0.628783
1654 0.111404 -0.574826
1653 0.0986251 -0.654315
760 0.285082 -0.574638
759 0.115263 -0.633745
1962 0.0776533 -0.583792
1961 0.27775 -0.476296
3380 0.256555 -0.516589
3379 0.246607 -0.579617
2672 0.0654741 -0.603445
2671 0.102119 -0.637512
3441 0.134988 -0.573274
3442 0.21958 -0.588158
3509 0.15655 -0.5389
3510 0.166212 -0.585521
3140 0.521207 -0.483312
3139 0.322055 -0.552714
46 0.429454 -0.510288
45 0.17746 -0.559019
2319 0.246657 -0.509268
2320 0.244669 -0.517957
619 0.345968 -0.476134
620 0.409928 -0.418931
1813 0.335332 -0.4861
1814 0.332588 -0.525457
3213 0.402916 -0.443366
3214 0.145149 -0.625687
1295 0.0233219 -0.663206
1296 0.260481 -0.564174
1483 0.238531 -0.50591
1484 0.237896 -0.608077
1851 0.238948 -0.494386
1852 -0.040687 -0.610567
1906 0.0170345 -0.630855
1905 0.370058 -0.540629
1032 0.0995318 -0.616348
1031 0.24574 -0.50964
368 0.162725 -0.626118
367 0.387069 -0.432086
90 0.0395723 -0.583039
89 0.270211 -0.526525
2543 0.246362 -0.556274
2544 0.337523 -0.478074
810 0.271651 -0.515003
809 0.485721 -0.457003
2324 0.118324 -0.66117
2323 0.15967 -0.638725
3381 0.110539 -0.566393
3382 0.141195 -0.55877
886 0.28152 -0.493169
885 0.28054 -0.529494
117 0.5024 -0.47584
118 0.339598 -0.456088
2638 0.495007 -0.46099
2637 0.406868 -0.529875
1324 0.0615286 -0.650426
1323 0.337382 -0.4751
1915 -0.0107899 -0.628967
1916 0.0125411 -0.617382
1635 0.159864 -0.639074
1636 0.127074 -0.571006
2724 0.114022 -0.611005
2723 0.432434 -0.457152
86 0.0912416 -0.658471
85 0.204794 -0.625425
1194 0.329475 -0.559626
1193 0.28476 -0.505028
1587 0.140135 -0.633491
1588 0.421468 -0.502187
457 0.258405 -0.505472
458 0.471232 -0.459921
599 0.186286 -0.623342
600 0.271953 -0.49289
908 0.0086168 -0.649558
907 0.214887 -0.519374
1762 0.0362305 -0.618021
1761 -0.016961 -0.640013
3386 0.399035 -0.45373
3385 0.177517 -0.615578
1340 0.0872028 -0.573389
1339 0.187098 -0.530987
2069 0.274454 -0.505656
2070 0.249036 -0.521468
1723 0.423475 -0.54224
1724 0.0477721 -0.638448
2422 0.352277 -0.573029
2421 0.119414 -0.656258
2153 0.0249451 -0.640905
2154 0.295171 -0.559803
858 0.435197 -0.452251
857 0.411059 -0.54105
2516 0.101619 -0.597571
2515 0.324052 -0.534273
1007 0.252212 -0.564327
1008 0.141995 -0.654454
3293 0.448377 -0.446208
3294 0.45496 -0.44803
2282 0.128138 -0.605435
2281 0.31599 -0.467188
15 0.186464 -0.615514
16 0.273845 -0.503891
3185 0.102625 -0.588024
3186 0.246391 -0.565213
909 0.263506 -0.517258
910 0.0129797 -0.621754
101 0.317347 -0.530398
102 0.234293 -0.508235
3117 0.234453 -0.612974
3118 0.0807444 -0.668672
2836 0.151669 -0.577649
2835 0.117234 -0.643182
2545 -0.0445191 -0.643105
2546 0.243937 -0.506289
806 0.359641 -0.4627
805 0.0724769 -0.574659
1163 0.289457 -0.583813
1164 0.205607 -0.535126
1415 0.291556 -0.598049
1416 0.167957 -0.652194
3093 0.387351 -0.511718
3094 0.241186 -0.580878
2555 0.158295 -0.538553
2556 0.316411 -0.516267
3373 0.257365 -0.556218
3374 0.161623 -0.619341
2053 0.19727 -0.505469
2054 0.297673 -0.496059
346 0.130208 -0.598776
345 0.135361 -0.643015
53 0.315402 -0.469989
54 0.206637 -0.508987
2182 0.0568372 -0.602432
2181 0.34739 -0.487431
33 0.278724 -0.512639
34 0.352433 -0.474876
446 0.402812 -0.466942
445 0.348277 -0.450253
76 0.512071 -0.480382
75 0.36978 -0.474951
2882 0.271528 -0.510347
2881 0.190725 -0.612492
2414 -0.00811287 -0.642049
2413 0.110782 -0.656454
2700 0.139677 -0.655964
2699 0.38879 -0.55863
1268 0.0467666 -0.598427
1267 0.29494 -0.502608
2042 0.231205 -0.517488
2041 0.224007 -0.582826
214 0.0668173 -0.641297
213 0.205577 -0.519762
638 0.154386 -0.536798
637 0.220302 -0.503088
788 0.0895462 -0.689947
787 0.173322 -0.650281
3249 -0.0527969 -0.64098
3250 0.22407 -0.50098
1167 0.164842 -0.618347
1168 0.390138 -0.480589
498 0.276519 -0.495617
497 0.375347 -0.482867
1856 0.0833572 -0.576479
1855 0.259069 -0.487393
3263 0.196786 -0.60092
3264 0.354086 -0.446436
1859 0.3434 -0.482945
1860 0.290251 -0.507695
1839 0.379493 -0.524758
1840 0.474856 -0.509041
546 0.340867 -0.561834
545 0.152423 -0.644925
1736 0.364732 -0.514046
1735 0.431632 -0.445727
880 0.332085 -0.529598
879 0.079435 -0.600689
3038 0.303417 -0.492718
3037 0.336379 -0.457113
1845 0.243493 -0.615551
1846 0.428781 -0.536087
3165 0.323044 -0.538189
3166 0.330107 -0.55556
480 0.114707 -0.621732
479 0.385381 -0.522301
2060 0.372668 -0.568825
2059 0.31318 -0.542447
653 0.22522 -0.551045
654 0.132329 -0.6364
869 0.09635 -0.595004
870 0.294418 -0.526629
1793 0.34433 -0.554448
1794 0.38403 -0.543582
205 0.0184759 -0.630624
206 0.244293 -0.613406
688 0.337424 -0.556745
687 0.273456 -0.578461
1615 0.487377 -0.47955
1616 0.131955 -0.63878
469 0.295131 -0.515571
470 0.429766 -0.455742
1091 0.182244 -0.596486
1092 0.301143 -0.58948
3082 0.343127 -0.477749
3081 0.188894 -0.520946
3235 -0.0655338 -0.648886
3236 0.148391 -0.561872
730 0.171128 -0.553752
729 0.20979 -0.525944
3421 0.229268 -0.532047
3422 0.132555 -0.640002
2102 0.180333 -0.639877
2101 0.0166229 -0.66809
2793 0.276802 -0.579161
2794 0.156407 -0.545353
2163 0.250497 -0.59089
2164 0.14278 -0.620058
202 0.0260191 -0.60785
201 0.062877 -0.614424
973 0.251502 -0.53913
974 0.131807 -0.583919
3041 0.389409 -0.478754
3042 0.107733 -0.566136
2362 0.286026 -0.55717
2361 0.287275 -0.480679
399 0.378759 -0.534049
400 0.369504 -0.474358
1557 -0.0542608 -0.628026
1558 0.302243 -0.55081
1083 0.140592 -0.658204
1084 0.193067 -0.531009
2655 0.117542 -0.572932
2656 -0.00311029 -0.624197
2430 0.110031 -0.66331
2429 0.213174 -0.592698
2270 0.349217 -0.474082
2269 -0.0139022 -0.628882
2899 0.00304962 -0.634955
2900 0.338129 -0.467444
3371 0.139976 -0.655088
3372 0.0364131 -0.656987
962 0.350268 -0.468553
961 -0.0137717 -0.61306
215 0.322866 -0.481506
216 0.0226042 -0.652846
2779 0.402528 -0.534778
2780 0.384689 -0.443137
531 0.431039 -0.517021
532 0.358506 -0.494976
31 0.127439 -0.554255
32 0.342392 -0.455142
402 0.301945 -0.489558
401 0.225651 -0.500153
2807 0.214982 -0.521725
2808 0.213598 -0.58819
1424 0.256468 -0.521965
1423 0.363665 -0.512358
892 0.0337564 -0.636875
891 0.0666665 -0.565091
1240 0.269165 -0.560781
1239 0.421919 -0.520746
1597 0.0724713 -0.67679
1598 0.210357 -0.523485
3290 0.140794 -0.574867
3289 0.284555 -0.561287
1248 0.347555 -0.539767
1247 0.144178 -0.653729
752 0.162602 -0.56805
751 0.399592 -0.469777
724 0.0847177 -0.608974
723 0.322494 -0.472431
3549 0.241165 -0.520597
3550 -0.0323428 -0.653517
1584 0.37829 -0.500973
1583 0.00183444 -0.60413
3456 0.35147 -0.486169
3455 0.132253 -0.601386
1513 0.391717 -0.499841
1514 0.210204 -0.535221
2238 0.195778 -0.642845
2237 0.239628 -0.558118
1876 0.449428 -0.527243
1875 0.426457 -0.452054
2453 0.0187962 -0.62839
2454 0.0237046 -0.627696
2548 0.173355 -0.528162
2547 0.0966592 -0.628169
2013 0.217392 -0.630052
2014 0.169597 -0.535673
2291 -0.022799 -0.606047
2292 -0.105764 -0.630682
938 -0.0206471 -0.643677
937 0.268389 -0.523054
1318 0.082169 -0.665694
1317 0.362639 -0.520647
2231 0.0174665 -0.676379
2232 0.166977 -0.582917
2513 0.237116 -0.506033
2514 0.103309 -0.641851
2339 -0.0527637 -0.636578
2340 0.21474 -0.613119
3578 0.0581827 -0.595402
3577 0.329139 -0.590349
3027 0.241486 -0.61749
3028 0.215066 -0.512041
3391 0.235092 -0.62339
3392 0.087299 -0.602453
2743 0.104091 -0.673384
2744 0.0382809 -0.603499
3403 0.126134 -0.552564
3404 0.411605 -0.521365
512 0.208545 -0.516868
511 0.254995 -0.485166
62 0.247487 -0.622432
61 0.109734 -0.574023
3331 0.107303 -0.652736
3332 0.23028 -0.556694
2284 0.0173757 -0.615947
2283 0.162605 -0.542237
1809 0.283928 -0.519611
1810 0.17249 -0.629267
666 0.289771 -0.582583
665 0.239551 -0.506597
2019 0.150411 -0.63718
2020 0.248196 -0.500631
911 0.0231276 -0.656086
912 0.0666359 -0.567101
3369 0.347082 -0.494341
3370 0.421671 -0.481814
992 0.167612 -0.597011
991 0.140989 -0.546166
586 0.204809 -0.526321
585 0.359118 -0.506479
1206 0.274087 -0.568626
1205 0.284241 -0.601045
2755 0.0345926 -0.637222
2756 0.0341672 -0.594053
3446 0.0133986 -0.626317
3445 0.214528 -0.610776
739 0.180688 -0.55764
740 0.255874 -0.493439
1290 0.0800765 -0.607864
1289 0.32078 -0.469113
2350 0.229385 -0.54447
2349 -0.0641625 -0.640946
2745 -0.00319467 -0.6094
2746 0.130588 -0.554397
2662 0.105545 -0.626438
2661 0.0809377 -0.574709
2846 0.167424 -0.659233
2845 0.0192926 -0.682238
1719 0.455186 -0.475835
1720 0.407694 -0.451393
2403 0.324211 -0.497098
2404 0.243658 -0.493835
2435 0.128201 -0.665164
2436 -0.0278986 -0.619738
3195 0.247863 -0.608055
3196 -0.0967734 -0.635286
2844 0.0959749 -0.603646
2843 0.144404 -0.547025
371 0.141183 -0.633216
372 0.364118 -0.463539
2401 0.444289 -0.515297
2402 0.137739 -0.673536
2647 0.221677 -0.519004
2648 0.437055 -0.48304
1379 0.213128 -0.543013
1380 0.44868 -0.531412
2032 0.0805824 -0.584947
2031 0.333554 -0.528474
388 -0.0793083 -0.647229
387 0.130901 -0.570665
288 0.20274 -0.631476
287 0.313092 -0.508209
2488 0.252809 -0.617096
2487 0.290445 -0.481987
640 0.280602 -0.497112
639 0.216474 -0.554399
2687 0.373245 -0.573684
2688 0.210067 -0.544033
443 0.0267316 -0.597961
444 0.255194 -0.598754
260 0.240398 -0.524509
259 0.282947 -0.497949
1571 0.311289 -0.514174
1572 0.0505981 -0.582747
1207 0.47016 -0.505081
1208 0.372544 -0.44444
3179 0.0517377 -0.576654
3180 0.348484 -0.452034
1378 0.356018 -0.587987
1377 0.264289 -0.504895
105 0.16077 -0.545764
106 0.259525 -0.626343
305 0.276395 -0.504835
306 0.169632 -0.531146
860 0.226832 -0.544708
859 0.224501 -0.504652
1721 0.310238 -0.526013
1722 0.322249 -0.461667
321 0.356234 -0.469067
322 0.142426 -0.636818
1925 0.229138 -0.509125
1926 -0.0290417 -0.600952
918 0.0764211 -0.642228
917 0.15445 -0.664032
3568 0.336414 -0.483465
3567 0.423941 -0.459656
1643 0.110327 -0.654286
1644 0.41043 -0.450309
1276 0.200691 -0.64256
1275 0.355082 -0.461162
144 0.224748 -0.643352
143 0.379897 -0.54364
1895 0.168245 -0.57953
1896 0.0988322 -0.648984
1036 0.173276 -0.671929
1035 0.295241 -0.548896
57 -0.068226 -0.635157
58 0.176436 -0.520756
948 0.415151 -0.549842
947 0.317651 -0.467004
3476 0.0879488 -0.602302
3475 0.0565293 -0.624575
2337 0.248737 -0.549698
2338 0.0365475 -0.586709
1655 0.212514 -0.530613
1656 0.169118 -0.637292
2184 0.302499 -0.578944
2183 0.248406 -0.611989
2038 0.346761 -0.508987
2037 0.112725 -0.657746
770 0.211344 -0.632144
769 0.0745841 -0.572767
333 0.354895 -0.492354
334 0.0828488 -0.685203
439 0.172402 -0.658776
440 0.322007 -0.470952
814 0.054708 -0.698989
813 0.249643 -0.57297
2465 0.0873402 -0.671961
2466 0.140784 -0.649961
3031 0.11881 -0.666781
3032 0.0781972 -0.668802
2100 0.383295 -0.567933
2099 0.40128 -0.453473
1873 0.384108 -0.485019
1874 0.0102758 -0.616027
1754 0.0112947 -0.680513
1753 -0.0219978 -0.611172
2255 0.35447 -0.510816
2256 0.161647 -0.553316
2719 0.0963141 -0.675886
2720 0.103686 -0.625143
17 0.188937 -0.646939
18 -0.074084 -0.639251
2496 0.119131 -0.641735
2495 -0.0959576 -0.64497
2607 0.0933209 -0.681139
2608 0.244704 -0.525555
2603 0.258807 -0.603194
2604 0.33152 -0.570533
1909 0.423291 -0.458776
1910 0.125312 -0.578167
956 0.216798 -0.51709
955 0.364638 -0.44581
1620 0.322836 -0.500616
1619 0.0350327 -0.583421
1622 0.31974 -0.568695
1621 0.335169 -0.587675
1518 0.508084 -0.496049
1517 0.0532786 -0.614185
2471 0.327729 -0.455691
2472 0.318558 -0.549635
20 0.353031 -0.488008
19 0.0717424 -0.66762
2579 0.161859 -0.647014
2580 0.514802 -0.480062
1617 0.30721 -0.495274
1618 0.0339669 -0.658478
831 0.198052 -0.543138
832 0.075313 -0.675598
185 0.184307 -0.572018
186 0.472422 -0.45417
3591 0.113056 -0.649948
3592 0.367719 -0.513976
3076 0.12477 -0.647721
3075 0.21497 -0.523449
193 0.153251 -0.549937
194 0.277063 -0.501735
343 0.0139685 -0.646047
344 0.312741 -0.51423
2467 0.379062 -0.451085
2468 -0.0523428 -0.624139
2981 0.0963762 -0.583532
2982 0.346503 -0.556212
2913 0.0573341 -0.611288
2914 0.163243 -0.61801
3132 -0.0734685 -0.649597
3131 0.143405 -0.575608
3426 0.401853 -0.477033
3425 0.0976544 -0.571733
684 0.252964 -0.519775
683 0.246565 -0.515575
3239 0.236456 -0.61562
3240 0.294899 -0.573556
2762 0.284379 -0.560354
2761 0.280413 -0.509045
527 0.0266142 -0.627492
528 0.445466 -0.465857
3054 0.499549 -0.514339
3053 0.144208 -0.533414
2675 0.241787 -0.586493
2676 0.277692 -0.512553
1063 0.43267 -0.51301
1064 0.248943 -0.488672
2871 0.241014 -0.494362
2872 0.184889 -0.633457
2654 0.455911 -0.480059
2653 0.0812716 -0.641921
1969 0.326793 -0.475602
1970 0.116785 -0.653136
641 0.162582 -0.603245
642 0.38547 -0.466509
1899 -0.0345208 -0.647651
1900 0.256066 -0.538044
99 -0.0324144 -0.657685
100 0.155072 -0.651207
979 0.0211163 -0.628343
980 -0.0531874 -0.620321
2951 0.260844 -0.622021
2952 0.438296 -0.542193
773 0.173958 -0.64893
774 0.289197 -0.570626
2377 0.312205 -0.595414
2378 0.209683 -0.523451
1233 0.413088 -0.480849
1234 0.292748 -0.56986
2313 0.104265 -0.575873
2314 0.232215 -0.568222
1399 0.236356 -0.511745
1400 0.369236 -0.460006
2462 0.413573 -0.447715
2461 0.16322 -0.578152
747 0.0949543 -0.586252
748 0.190345 -0.539557
222 0.32743 -0.546623
221 0.256969 -0.507505
840 0.0736048 -0.575341
839 0.307864 -0.469186
1870 0.0538265 -0.702351
1869 0.0509145 -0.694069
2367 0.291879 -0.511763
2368 0.140211 -0.596849
2852 0.0765576 -0.565068
2851 0.0703972 -0.573214
1387 -0.0820852 -0.646551
1388 0.0808184 -0.598239
1028 0.149467 -0.626321
1027 0.0571019 -0.653586
277 -0.00887047 -0.615326
278 0.0704291 -0.562614
1573 0.162901 -0.542545
1574 -0.014342 -0.645208
3378 0.291019 -0.575073
3377 0.427545 -0.546989
2838 0.492335 -0.498033
2837 0.0612973 -0.689161
3357 0.389624 -0.457129
3358 0.271477 -0.596573
1908 0.390494 -0.507814
1907 0.407425 -0.475478
3000 0.0551795 -0.628683
2999 0.0555003 -0.563145
1674 0.159558 -0.62665
1673 0.458985 -0.458726
2393 0.199189 -0.546034
2394 0.47082 -0.509298
2596 0.350329 -0.469213
2595 0.28099 -0.594223
1001 0.275634 -0.518688
1002 0.338711 -0.580466
711 0.275385 -0.550862
712 0.334924 -0.461268
1640 0.272162 -0.502927
1639 0.309 -0.499357
2392 0.0150584 -0.636841
2391 0.147374 -0.550902
990 0.164145 -0.553014
989 0.49369 -0.528565
462 0.361214 -0.455109
461 0.339224 -0.49629
3219 0.371312 -0.463004
3220 0.289443 -0.507676
1838 0.269876 -0.524489
1837 0.403683 -0.472848
1972 0.186159 -0.523889
1971 0.24828 -0.603961
1691 0.0839775 -0.564498
1692 0.291001 -0.472236
2771 0.332575 -0.611975
2772 0.304568 -0.483406
94 0.499417 -0.496849
93 0.460689 -0.492107
417 0.24776 -0.494034
418 0.278133 -0.491539
2432 0.0146465 -0.689831
2431 0.375968 -0.507239
2457 0.557206 -0.499442
2458 0.447404 -0.550331
2970 0.39958 -0.45777
2969 0.11637 -0.567616
2928 0.0924655 -0.603633
2927 0.0150603 -0.63741
520 0.161555 -0.628526
519 0.534621 -0.51326
2568 0.100073 -0.588066
2567 0.348715 -0.605247
1684 0.313938 -0.547403
1683 0.255314 -0.48826
2366 0.345999 -0.455483
2365 0.17169 -0.644782
2058 0.073731 -0.595693
2057 -0.0837386 -0.635062
1172 0.254306 -0.50403
1171 0.399518 -0.518132
2179 0.363345 -0.459847
2180 0.144722 -0.58075
978 0.208181 -0.654824
977 0.108977 -0.679606
211 0.280286 -0.619836
212 0.0466098 -0.594159
771 0.261289 -0.509141
772 0.200482 -0.661969
309 0.165847 -0.660422
310 0.372391 -0.534399
2957 0.273699 -0.632256
2958 0.187618 -0.571869
715 0.0457097 -0.592907
716 0.114072 -0.670713
1311 0.0296996 -0.606899
1312 0.346526 -0.590885
1533 0.127171 -0.680412
1534 0.37709 -0.585381
291 0.448738 -0.4861
292 0.242421 -0.50661
2809 0.237726 -0.597932
2810 0.145254 -0.561451
1237 0.365782 -0.547389
1238 -0.0774745 -0.621729
1395 0.172708 -0.530299
1396 0.434554 -0.45339
3533 0.229668 -0.63903
3534 0.0873633 -0.654586
2507 0.164535 -0.558281
2508 0.113586 -0.679198
1255 0.302507 -0.600686
1256 0.0866102 -0.550214
1053 0.284935 -0.600753
1054 0.0872156 -0.670026
2831 0.260445 -0.501374
2832 -0.038682 -0.625951
921 0.341804 -0.587625
922 0.294373 -0.566286
2971 0.183654 -0.582021
2972 0.243925 -0.532613
1504 0.193579 -0.63421
1503 0.343844 -0.452312
1532 0.150239 -0.557208
1531 0.0912545 -0.580505
421 -0.0498127 -0.631057
422 0.454596 -0.54055
1420 0.198322 -0.545115
1419 0.145357 -0.547749
1818 0.363812 -0.59089
1817 0.310958 -0.494777
2813 0.290056 -0.59755
2814 0.0828952 -0.557228
2213 0.388125 -0.458565
2214 0.0347577 -0.60206
1389 0.114233 -0.671272
1390 0.0827874 -0.681138
3074 -0.0238374 -0.639009
3073 0.366035 -0.493452
1751 0.0878945 -0.689118
1752 -0.0298389 -0.635055
3158 0.0653067 -0.654881
3157 0.322761 -0.493516
294 -0.031624 -0.631871
293 0.208795 -0.526897
3261 0.150755 -0.651455
3262 0.265724 -0.601945
3552 0.438183 -0.455261
3551 0.341935 -0.570438
1958 0.0523326 -0.690626
1957 0.132787 -0.551937
263 0.245415 -0.531584
264 0.430736 -0.534531
50 0.104764 -0.571934
49 0.100167 -0.617023
1861 0.475124 -0.526533
1862 0.244563 -0.50771
2151 0.317164 -0.585625
2152 0.276709 -0.521583
1512 0.319694 -0.594104
1511 0.225291 -0.534626
154 0.232875 -0.630107
153 0.149666 -0.661913
2992 0.283531 -0.489616
2991 0.102508 -0.572516
2470 0.0827938 -0.681886
2469 0.446426 -0.47549
609 0.109656 -0.568703
610 0.060519 -0.61679
3109 0.114937 -0.583471
3110 0.181812 -0.656777
3181 0.0410158 -0.667025
3182 0.0356697 -0.691708
515 0.372512 -0.4858
516 0.171524 -0.644712
1071 0.303161 -0.485245
1072 0.116731 -0.582289
1867 0.231882 -0.554326
1868 0.463782 -0.548498
24 0.225147 -0.507425
23 0.245284 -0.599462
2479 0.311381 -0.585277
2480 0.194202 -0.536151
3178 0.499447 -0.518385
3177 0.317781 -0.461119
2001 0.0758307 -0.596332
2002 0.403372 -0.453851
686 0.299515 -0.494723
685 0.000953745 -0.607803
1933 0.297948 -0.510363
1934 0.0552919 -0.61119
1718 0.268903 -0.571076
1717 0.0540854 -0.565994
1354 0.29956 -0.481008
1353 0.125716 -0.588243
282 0.106346 -0.698731
281 0.0232561 -0.610345
3323 0.153987 -0.554192
3324 0.171585 -0.677005
3342 0.272956 -0.621194
3341 0.446395 -0.545411
2336 0.245547 -0.625126
2335 -0.0438829 -0.633265
3469 0.264266 -0.620544
3470 0.0914473 -0.599463
1102 0.107688 -0.596701
1101 0.0697159 -0.583158
3306 0.456023 -0.546822
3305 0.513914 -0.50567
2961 0.296874 -0.503032
2962 0.287854 -0.603097
1274 0.35653 -0.533904
1273 0.409127 -0.542476
2768 0.433167 -0.556082
2767 0.186967 -0.532339
1293 0.399143 -0.480934
1294 0.266398 -0.572879
2242 0.355475 -0.582272
2241 0.401434 -0.442019
1287 0.134481 -0.666025
1288 0.234937 -0.493185
1820 0.420074 -0.512446
1819 0.330677 -0.546627
1590 0.356971 -0.462993
1589 0.170157 -0.526895
3487 0.387358 -0.544573
3488 0.40267 -0.475671
3087 0.456993 -0.496339
3088 0.309007 -0.520943
2695 0.166761 -0.595791
2696 0.362942 -0.506381
2334 0.0363178 -0.648514
2333 0.23502 -0.613273
1497 0.0548779 -0.58969
1498 0.176746 -0.541123
3409 0.340764 -0.574157
3410 0.204579 -0.511213
1505 0.227421 -0.506423
1506 0.0791423 -0.671866
1922 0.410671 -0.509037
1921 0.267854 -0.502404
943 -0.0500535 -0.623884
944 0.0297772 -0.633876
1081 0.208476 -0.51202
1082 0.423819 -0.501117
1672 0.128301 -0.676054
1671 0.117558 -0.600455
920 0.504181 -0.459815
919 0.211444 -0.541759
1014 0.10795 -0.675273
1013 0.385518 -0.561964
3298 0.2216 -0.526311
3297 0.201855 -0.651064
2904 0.140078 -0.562399
2903 0.182566 -0.622371
725 0.155623 -0.675294
726 0.046822 -0.65381
3482 0.216501 -0.507691
3481 0.0726501 -0.561328
2304 0.394452 -0.566758
2303 0.334005 -0.483691
1277 0.0606216 -0.600812
1278 0.247948 -0.512148
1038 0.215173 -0.507911
1037 0.387771 -0.430899
3412 0.291502 -0.594464
3411 0.352661 -0.46854
1270 0.142026 -0.644822
1269 0.129878 -0.536263
2342 0.129238 -0.573404
2341 0.0153284 -0.621691
1453 0.302307 -0.620016
1454 0.123767 -0.564723
2594 -0.0172542 -0.642966
2593 0.197692 -0.539945
2588 0.124605 -0.679521
2587 0.22764 -0.524363
2959 0.213201 -0.608524
2960 0.0873457 -0.691094
1012 0.212249 -0.505404
1011 0.334557 -0.450175
267 0.179183 -0.548925
268 0.506498 -0.471596
1929 0.279189 -0.59942
1930 0.337533 -0.568736
3069 0.0457658 -0.692562
3070 0.332966 -0.605129
91 0.0855977 -0.620391
92 0.200099 -0.645864
2424 0.118975 -0.649703
2423 -0.0641502 -0.631007
239 0.289725 -0.507967
240 0.268115 -0.486529
2301 0.289485 -0.51221
2302 0.190774 -0.527473
284 -0.0612205 -0.619119
283 0.133822 -0.610272
1776 0.187517 -0.537589
1775 0.114577 -0.658666
2497 0.0306291 -0.611218
2498 0.154957 -0.584061
2564 0.290953 -0.624563
2563 0.197725 -0.573175
3437 -0.0447172 -0.639918
3438 0.141517 -0.62432
1898 0.46068 -0.487808
1897 0.14105 -0.676909
1148 0.0841596 -0.62267
1147 0.13131 -0.541966
3036 0.0487836 -0.658563
3035 0.0931113 -0.558923
2582 0.272947 -0.489205
2581 0.160263 -0.618653
2730 0.331241 -0.480172
2729 0.363289 -0.570271
561 -0.00326258 -0.683694
562 0.180513 -0.641609
2085 0.00385866 -0.63513
2086 0.245623 -0.530777
171 0.285694 -0.612043
172 0.144091 -0.539509
3168 0.311995 -0.467643
3167 0.288862 -0.575328
1607 0.0603155 -0.642795
1608 0.21894 -0.541998
1209 0.0669361 -0.692875
1210 0.176456 -0.660527
2795 0.189667 -0.519472
2796 0.0221399 -0.661529
1485 0.157773 -0.526339
1486 0.126706 -0.564167
1782 0.248027 -0.503641
1781 -0.0423806 -0.630026
906 -0.0601935 -0.637496
905 0.3436 -0.451503
199 0.103444 -0.562321
200 0.0765061 -0.665624
1427 0.199155 -0.534827
1428 0.388695 -0.441262
2822 0.148808 -0.693273
2821 0.39981 -0.545641
2371 0.147519 -0.531073
2372 0.384484 -0.562323
2908 0.27012 -0.621854
2907 0.146409 -0.551634
3200 0.0532369 -0.668487
3199 0.399425 -0.52373
649 0.075157 -0.587146
650 0.0872092 -0.682609
663 0.394738 -0.505117
664 0.155181 -0.528644
1650 0.0843591 -0.695694
1649 0.121525 -0.542885
3288 0.250438 -0.503735
3287 0.332203 -0.456197
3216 0.274581 -0.49223
3215 0.122979 -0.674293
11 0.0100497 -0.641934
12 0.33337 -0.535641
2018 0.289298 -0.585587
2017 0.380874 -0.43377
2613 0.284164 -0.627087
2614 0.424451 -0.549071
2873 0.100586 -0.612018
2874 0.274951 -0.491422
2437 0.109143 -0.687367
2438 -0.0827244 -0.643381
1890 0.201785 -0.525533
1889 0.226615 -0.637297
3208 0.163356 -0.595927
3207 0.153724 -0.593898
1580 0.097944 -0.690074
1579 -0.010779 -0.667355
2143 0.454168 -0.555059
2144 0.401973 -0.560614
2193 0.405947 -0.530508
2194 0.329005 -0.483012
3326 0.0765169 -0.651996
3325 0.0518149 -0.708074
2188 0.152241 -0.569767
2187 0.253672 -0.599305
2566 0.363345 -0.555797
2565 0.449667 -0.470137
2321 0.243036 -0.565825
2322 0.305396 -0.508761
675 0.127271 -0.695623
676 0.0922173 -0.61992
3252 0.387471 -0.451077
3251 0.0667848 -0.681529
2812 0.0403125 -0.639027
2811 0.271206 -0.482789
2196 0.076023 -0.601995
2195 0.0634591 -0.573924
745 0.0732258 -0.673372
746 0.381557 -0.449698
963 0.539412 -0.530996
964 0.313492 -0.612744
2559 0.26141 -0.501283
2560 0.424035 -0.47591
845 0.39822 -0.439272
846 0.459363 -0.476132
3397 0.178788 -0.663907
3398 0.140781 -0.687652
2529 0.128928 -0.694671
2530 0.163046 -0.544551
2083 0.238879 -0.586485
2084 0.402936 -0.452526
244 0.323909 -0.61011
243 0.351356 -0.539935
510 0.0658268 -0.701688
509 0.403295 -0.493357
2628 0.084926 -0.562235
2627 0.113055 -0.677771
2234 0.076049 -0.573207
2233 0.340933 -0.483805
112 0.12668 -0.68416
111 0.343236 -0.47159
3497 0.364491 -0.529792
3498 0.408409 -0.57919
2658 0.241567 -0.500077
2657 0.133724 -0.554679
3020 0.0862992 -0.677893
3019 0.0554593 -0.608264
1074 0.0732079 -0.575713
1073 0.0016876 -0.615513
1539 0.308163 -0.574905
1540 0.0825029 -0.575428
2519 -0.0232311 -0.64893
2520 0.104549 -0.6391
800 0.0708754 -0.699603
799 0.043597 -0.719235
2829 0.329362 -0.496043
2830 0.282235 -0.48571
2040 0.165349 -0.675606
2039 0.46849 -0.556169
2994 0.33751 -0.522452
2993 0.372354 -0.584501
273 0.159955 -0.537217
274 0.173272 -0.652759
1089 0.110486 -0.636761
1090 0.29518 -0.594853
3513 0.315985 -0.590284
3514 0.0963958 -0.681534
3553 0.448572 -0.501131
3554 0.109223 -0.667281
2043 0.303278 -0.498219
2044 0.173008 -0.654416
2065 0.357813 -0.575273
2066 0.256638 -0.603371
3270 0.181067 -0.654759
3269 0.109586 -0.548621
3119 0.310716 -0.48099
3120 0.136141 -0.657283
1334 0.194879 -0.632392
1333 0.177225 -0.536967
3072 0.275644 -0.614889
3071 0.193803 -0.529534
2316 0.0877006 -0.573298
2315 0.310803 -0.597042
405 0.192789 -0.529362
406 0.268519 -0.501152
915 0.255506 -0.618322
916 0.12038 -0.571268
579 0.0679279 -0.679747
580 0.0518146 -0.622293
3436 0.191759 -0.529539
3435 0.22019 -0.610627
997 0.391157 -0.467963
998 0.000594216 -0.66285
348 0.154414 -0.549672
347 0.292497 -0.592609
1154 0.329996 -0.498826
1153 -0.0652593 -0.626378
3571 -0.00276762 -0.653018
3572 0.443752 -0.524166
149 0.464817 -0.532712
150 0.338922 -0.488266
3561 0.192429 -0.590757
3562 0.391303 -0.499515
1047 0.445384 -0.521492
1048 0.219488 -0.501923
1040 0.431738 -0.556236
1039 0.0513447 -0.599505
2119 0.29278 -0.499436
2120 -0.065902 -0.649066
1541 0.0654926 -0.577724
1542 0.145051 -0.6371
2199 0.335608 -0.467164
2200 0.299016 -0.567581
3317 0.0114858 -0.686096
3318 -0.00338255 -0.639839
3466 0.339131 -0.5299
3465 0.319119 -0.5863
3099 0.341189 -0.605207
3100 0.482641 -0.500113
824 0.413338 -0.456429
823 0.417998 -0.440952
1938 0.231565 -0.520073
1937 0.304493 -0.537956
1704 0.250682 -0.561257
1703 0.112333 -0.657159
1956 0.218235 -0.621113
1955 0.143646 -0.636332
555 0.0401363 -0.693193
556 -0.0953327 -0.638714
2853 0.281099 -0.496274
2854 0.198738 -0.596756
43 0.287032 -0.566974
44 0.422827 -0.4464
2533 0.152853 -0.548829
2534 -0.0490752 -0.603738
1567 0.375238 -0.468205
1568 0.0889495 -0.563819
1434 0.429999 -0.47198
1433 0.299459 -0.475074
390 0.15434 -0.553313
389 0.0454447 -0.588661
3197 0.328392 -0.529699
3198 -0.00133525 -0.599884
325 0.0511265 -0.663043
326 0.0355588 -0.693044
1457 0.200148 -0.647364
1458 0.21996 -0.496957
2870 0.242725 -0.623838
2869 0.260987 -0.488796
3125 0.365584 -0.584858
3126 0.218498 -0.551103
1174 0.21658 -0.520934
1173 -0.0390286 -0.63395
1850 0.329389 -0.479002
1849 0.338388 -0.592285
2576 0.183663 -0.583274
2575 0.42946 -0.45158
1880 -0.0716305 -0.639802
1879 -0.0367497 -0.608746
1042 0.24232 -0.587152
1041 0.0122816 -0.631818
2374 0.145309 -0.563493
2373 0.415575 -0.447723
3504 0.384776 -0.47659
3503 0.246013 -0.638828
2738 0.18901 -0.530712
2737 0.11278 -0.681724
1117 0.479703 -0.537684
1118 0.239385 -0.512667
1481 0.299372 -0.494023
1482 0.274049 -0.553173
1950 0.164505 -0.533114
1949 0.149811 -0.665034
2733 0.0906921 -0.684229
2734 0.279795 -0.485294
3415 0.119285 -0.678348
3416 0.224674 -0.52084
2748 0.229409 -0.51081
2747 0.0415243 -0.688877
63 0.419927 -0.485315
64 0.393044 -0.431696
1487 0.0447293 -0.604319
1488 0.496778 -0.519489
3454 0.438074 -0.48083
3453 0.446327 -0.452028
1376 0.317808 -0.471562
1375 0.451741 -0.475075
3407 0.197182 -0.54047
3408 0.105724 -0.700406
3463 0.328456 -0.526333
3464 0.208425 -0.603378
3582 0.299796 -0.623141
3581 0.256054 -0.624594
3414 0.461977 -0.467458
3413 0.156459 -0.650163
1791 0.353542 -0.533842
1792 0.344259 -0.450672
2625 0.294528 -0.492745
2626 0.270203 -0.61239
812 0.111461 -0.599958
811 0.0485357 -0.602528
137 0.532471 -0.529806
138 0.25456 -0.503011
3494 0.29653 -0.4979
3493 0.371819 -0.589385
3138 0.171477 -0.574635
3137 0.4058 -0.443894
529 0.436939 -0.469842
530 0.181246 -0.656326
1604 0.378599 -0.482837
1603 0.406845 -0.458168
3145 0.159352 -0.617106
3146 0.20792 -0.61583
96 0.417582 -0.533035
95 0.16951 -0.652497
656 0.236533 -0.503728
655 0.0398359 -0.602979
1221 0.434618 -0.552029
1222 -0.00570058 -0.605975
2889 0.177259 -0.607699
2890 0.475651 -0.467132
2855 0.365932 -0.445107
2856 0.243318 -0.4868
3246 0.284476 -0.565439
3245 0.0190175 -0.677776
986 0.167935 -0.672571
985 -0.0334549 -0.621628
1432 0.390674 -0.592607
1431 0.14745 -0.657959
2248 0.220124 -0.647827
2247 0.206706 -0.508321
3417 0.0790921 -0.59365
3418 0.139205 -0.668533
3472 0.353914 -0.589521
3471 -0.0807776 -0.633475
2240 0.220206 -0.614337
2239 0.191001 -0.631821
775 0.227587 -0.528859
776 -0.000148085 -0.587396
1652 0.113166 -0.680296
1651 0.262269 -0.497698
1017 0.337706 -0.54033
1018 0.201215 -0.520023
2784 0.374572 -0.469637
2783 0.277845 -0.527336
2987 0.340934 -0.470729
2988 0.190839 -0.615634
1550 0.126553 -0.597394
1549 0.125734 -0.547273
893 0.182585 -0.572583
894 0.0432398 -0.598596
1470 0.429565 -0.496857
1469 -0.00197394 -0.597911
1465 0.326259 -0.531872
1466 0.289576 -0.475026
951 0.219115 -0.623695
952 0.407641 -0.431405
1352 0.0347665 -0.63993
1351 0.0919306 -0.558416
2983 0.0559869 -0.627499
2984 0.122242 -0.680496
3543 0.375238 -0.447795
3544 0.283987 -0.476204
250 0.22087 -0.672853
249 0.231469 -0.648698
2864 0.205523 -0.538189
2863 0.389321 -0.604377
2947 0.167676 -0.666223
2948 0.0435261 -0.686238
3459 0.308079 -0.641336
3460 0.178073 -0.550232
720 0.289441 -0.493238
719 -0.00580023 -0.665528
1766 0.181645 -0.561285
1765 0.152053 -0.636909
252 0.0212124 -0.593085
251 0.105616 -0.696597
1548 0.397863 -0.491796
1547 0.396692 -0.438261
2954 -0.0661667 -0.635576
2953 0.304754 -0.476556
223 0.00251061 -0.615349
224 0.155189 -0.695368
2093 0.457791 -0.468769
2094 0.298005 -0.630272
768 0.215473 -0.661991
767 0.104737 -0.546873
1386 0.428627 -0.56748
1385 0.318144 -0.481928
856 0.00816401 -0.640716
855 0.276672 -0.641597
2717 0.436115 -0.588096
2718 0.425356 -0.525661
3368 0.130696 -0.696841
3367 0.440766 -0.501472
1829 0.368043 -0.57428
1830 0.153282 -0.549815
2646 0.174267 -0.526783
2645 0.317183 -0.579681
2460 0.0411478 -0.708041
2459 0.459638 -0.574379
1030 0.17412 -0.519141
1029 0.141273 -0.531783
2610 0.323671 -0.625365
2609 0.344668 -0.604509
1253 0.239258 -0.51014
1254 0.221383 -0.653977
3383 0.164083 -0.53725
3384 0.211479 -0.646358
2527 0.104057 -0.549777
2528 0.270031 -0.481702
1346 0.259741 -0.486659
1345 0.0689062 -0.561926
2446 0.00499753 -0.613
2445 0.47571 -0.505582
842 0.264462 -0.501189
841 0.187698 -0.665707
896 0.37215 -0.60227
895 0.127229 -0.553624
1500 0.0602703 -0.578861
1499 0.0752719 -0.670387
2921 0.0131945 -0.628266
2922 0.0341906 -0.640543
662 -0.0375391 -0.66375
661 0.111064 -0.715748
1702 0.163288 -0.629441
1701 0.016366 -0.593415
414 0.270894 -0.649199
413 0.223762 -0.514652
3134 0.114105 -0.576677
3133 0.302648 -0.515935
2968 0.245692 -0.666178
2967 0.147297 -0.649541
3532 0.0460032 -0.583759
3531 0.360705 -0.557889
485 0.383544 -0.468003
486 0.295013 -0.492929
290 0.338671 -0.475963
289 0.359809 -0.460143
2526 0.0106522 -0.608565
2525 0.16547 -0.682208
749 0.361916 -0.565901
750 0.474345 -0.514856
204 0.532864 -0.541425
203 0.197158 -0.684238
407 0.142442 -0.540201
408 0.236863 -0.587668
2025 0.287293 -0.639737
2026 0.0862413 -0.572618
1451 0.097364 -0.57648
1452 0.0818014 -0.579976
2278 0.164661 -0.539658
2277 0.42236 -0.435188
1560 0.344278 -0.467728
1559 0.042403 -0.573257
328 0.468879 -0.532211
327 0.153901 -0.685499
3143 0.111047 -0.583609
3144 0.263684 -0.64527
710 0.00372129 -0.614217
709 0.259054 -0.486402
1891 0.254061 -0.547858
1892 0.0820321 -0.686207
1728 0.32346 -0.570895
1727 0.313055 -0.48667
3051 0.443941 -0.564232
3052 0.269296 -0.654456
783 0.501928 -0.48072
784 0.324402 -0.477587
3170 0.450878 -0.475555
3169 0.16134 -0.701937
2197 0.354533 -0.458245
2198 0.254151 -0.677681
3258 0.215643 -0.690665
3257 0.238627 -0.668326
1214 0.0944713 -0.557544
1213 0.257387 -0.480575
151 0.423641 -0.553393
152 -0.027282 -0.651169
2651 0.213206 -0.678335
2652 0.2863 -0.607623
248 -0.0037735 -0.610749
247 0.351974 -0.615634
449 0.304853 -0.487415
450 0.256401 -0.576229
611 0.263509 -0.639702
612 -0.0129142 -0.594728
2177 0.242765 -0.577015
2178 0.376291 -0.547435
3136 0.0964305 -0.699055
3135 0.330403 -0.457371
1538 0.00824061 -0.598674
1537 0.0583235 -0.575249
2840 0.0098554 -0.615008
2839 0.0647925 -0.607999
1764 0.143559 -0.542099
1763 0.269338 -0.475998
1410 0.384337 -0.509792
1409 0.184375 -0.701686
217 0.35883 -0.582078
218 -0.0268303 -0.609013
1437 0.0921498 -0.658988
1438 0.0661123 -0.55997
420 0.409365 -0.458433
419 0.2551 -0.596386
1176 0.151863 -0.712875
1175 0.227893 -0.671074
3123 0.0760571 -0.6877
3124 0.165535 -0.617473
1858 0.221805 -0.505931
1857 0.202011 -0.510737
2894 0.187575 -0.681144
2893 0.546958 -0.522056
1609 0.267419 -0.620812
1610 0.135935 -0.655258
2448 0.0946866 -0.597635
2447 0.305429 -0.627639
1383 0.0497426 -0.731035
1384 0.0356581 -0.68443
1545 0.135616 -0.559575
1546 0.316017 -0.483751
1136 0.0947174 -0.561876
1135 0.168762 -0.554203
2765 0.0381267 -0.588131
2766 -0.0387731 -0.617765
3291 0.286797 -0.500146
3292 0.264252 -0.480547
1252 0.475634 -0.513048
1251 0.340681 -0.456313
3044 0.0963319 -0.55237
3043 0.250287 -0.529782
625 0.237018 -0.668142
626 0.484839 -0.568635
366 0.00458232 -0.619383
365 0.00960335 -0.588486
3565 0.143058 -0.729965
3566 0.127013 -0.687175
722 0.344545 -0.469349
721 0.269802 -0.482949
854 0.391425 -0.468519
853 0.286215 -0.483338
3018 0.242259 -0.692635
3017 0.265338 -0.507686
1920 0.388889 -0.59942
1919 0.342396 -0.451713
1070 0.104283 -0.559945
1069 0.170993 -0.675805
379 0.335569 -0.638958
380 0.346456 -0.468621
1094 0.126841 -0.734457
1093 0.141246 -0.723465
1033 0.203404 -0.539429
1034 0.0608027 -0.579734
166 0.303438 -0.584363
165 0.0959493 -0.607813
2358 0.176377 -0.523996
2357 -0.0668175 -0.617064
1159 0.237674 -0.502366
1160 0.173152 -0.695765
3025 0.460068 -0.584425
3026 0.309887 -0.663525
2635 0.372768 -0.457445
2636 0.262884 -0.508148
1734 0.444579 -0.509915
1733 0.266827 -0.511652
630 0.208557 -0.597979
629 0.269787 -0.472693
3299 0.401743 -0.620685
3300 0.371315 -0.459909
552 0.0561302 -0.577522
551 0.137848 -0.532513
3105 0.0209068 -0.693821
3106 0.0709001 -0.564644
1456 0.24786 -0.668062
1455 0.520572 -0.543326
3188 -0.0320882 -0.617069
3187 0.154444 -0.534124
2557 0.238001 -0.526254
2558 0.226469 -0.529104
2776 -0.0231446 -0.607939
2775 -0.00848752 -0.711686
2354 0.227317 -0.716116
2353 0.0687277 -0.597702
3153 0.315803 -0.471819
3154 0.129083 -0.727311
2395 0.396229 -0.520627
2396 0.131647 -0.647982
2682 0.11751 -0.748111
2681 0.243153 -0.503096
2128 0.209832 -0.517145
2127 0.358694 -0.454198
1801 0.290792 -0.525776
1802 0.467109 -0.583859
681 0.0960476 -0.648657
682 0.448182 -0.509824
2551 0.159882 -0.599222
2552 0.235942 -0.554276
1758 0.169177 -0.529386
1757 0.119049 -0.746227
874 0.364814 -0.467812
873 0.190712 -0.719557
296 -0.0223298 -0.677857
295 0.100129 -0.756459
159 0.345932 -0.508915
160 0.415876 -0.637566
3276 0.149933 -0.558799
3275 0.467958 -0.508634
517 0.344618 -0.462333
518 0.216293 -0.585572
2917 -0.049385 -0.634046
2918 0.341981 -0.494634
595 0.404513 -0.444111
596 0.0859033 -0.551895
2750 0.390308 -0.496672
2749 0.14537 -0.552064
2910 0.0810829 -0.616556
2909 0.270002 -0.497721
3013 0.138519 -0.679306
3014 0.11361 -0.74934
2826 -0.0674232 -0.624833
2825 0.308747 -0.52812
1009 0.107428 -0.548465
1010 0.2002 -0.581003
351 0.107352 -0.656959
352 0.352766 -0.459359
2667 0.417001 -0.632337
2668 0.305866 -0.53127
393 0.337884 -0.676438
394 0.432049 -0.621036
1853 0.323564 -0.617468
1854 0.338058 -0.515657
743 0.388696 -0.521841
744 0.110349 -0.647443
3217 -0.0896775 -0.650961
3218 0.0797261 -0.57347
764 0.242123 -0.692807
763 -0.00220743 -0.66251
2000 0.239008 -0.720591
1999 0.138679 -0.683237
1690 0.169969 -0.546387
1689 0.174917 -0.74999
1770 0.384837 -0.465055
1769 0.252488 -0.558829
1544 0.0376038 -0.735958
1543 -0.00601141 -0.662663
569 0.0689678 -0.654464
570 0.0756636 -0.58263
2293 0.148365 -0.781713
2294 0.429583 -0.582598
1065 0.423723 -0.538579
1066 0.369464 -0.4951
3336 0.246557 -0.692062
3335 0.28062 -0.624699
3108 0.344428 -0.487972
3107 0.439407 -0.590771
967 0.151321 -0.533942
968 0.09195 -0.559006
113 0.363122 -0.673222
114 0.227619 -0.5102
1576 0.350112 -0.677261
1575 -0.0853723 -0.634909
2586 0.371294 -0.464447
2585 -0.0361625 -0.623934
1343 0.123489 -0.787501
1344 0.133684 -0.791641
2218 0.348605 -0.5573
2217 0.246569 -0.571208
2906 0.20978 -0.52122
2905 0.144852 -0.733634
1578 0.344772 -0.451307
1577 0.144189 -0.530035
1358 0.309988 -0.711461
1357 0.155484 -0.536609
1863 0.501234 -0.616229
1864 0.152491 -0.670475
634 0.230816 -0.505403
633 0.373521 -0.438552
849 0.191157 -0.60104
850 -0.015609 -0.6604
207 0.051004 -0.579297
208 0.254471 -0.529545
795 0.228479 -0.727503
796 0.119366 -0.699441
1520 0.103854 -0.548339
1519 0.0959366 -0.569574
1737 0.234927 -0.55154
1738 0.154024 -0.770226
1349 0.335716 -0.513193
1350 0.463888 -0.507684
970 -0.0420893 -0.618047
969 0.318179 -0.721399
2015 0.264667 -0.489056
2016 0.433454 -0.444595
2669 0.155798 -0.565729
2670 0.279645 -0.498003
2629 0.348296 -0.643603
2630 0.251368 -0.614871
1107 0.375328 -0.697653
1108 0.11051 -0.568324
491 0.337619 -0.496589
492 0.28457 -0.680094
1231 0.450286 -0.476435
1232 0.0942189 -0.563105
275 0.132539 -0.542331
276 0.216581 -0.499768
2051 0.248823 -0.49165
2052 0.257618 -0.54182
958 0.321392 -0.732035
957 0.0513765 -0.575876
1708 0.251239 -0.761152
1707 0.314451 -0.584802
1302 0.393858 -0.559659
1301 0.315731 -0.522442
1614 0.511138 -0.590741
1613 0.411011 -0.653204
6 0.335281 -0.465685
5 -0.0309644 -0.599618
2664 0.381541 -0.458618
2663 0.16503 -0.768206
2030 0.265518 -0.669104
2029 0.484129 -0.601075
2912 -0.0242385 -0.631328
2911 0.0622267 -0.662894
1413 0.104417 -0.554769
1414 0.362895 -0.649394
38 0.160943 -0.530883
37 0.193281 -0.782849
2820 0.427096 -0.692971
2819 0.182231 -0.699021
1230 -0.0423912 -0.619817
1229 0.442941 -0.492176
2510 0.0571386 -0.573988
2509 -0.0694909 -0.642533
2698 0.343484 -0.453351
2697 0.22093 -0.659345
701 0.0829538 -0.569069
702 0.128473 -0.579791
2420 0.315255 -0.544728
2419 -0.00913049 -0.695048
801 0.166072 -0.551979
802 0.121881 -0.54441
1946 0.416419 -0.581861
1945 0.278358 -0.482557
483 0.526276 -0.576446
484 -0.0438083 -0.617643
1670 0.031374 -0.658063
1669 0.121503 -0.813033
3588 0.423125 -0.443595
3587 0.0229802 -0.582889
2192 0.0438448 -0.680648
2191 0.180792 -0.808253
286 0.28147 -0.762625
285 0.420756 -0.45789
2708 0.210598 -0.790313
2707 0.504631 -0.514542
1630 0.478909 -0.527951
1629 0.553024 -0.613937
2764 0.0925857 -0.65267
2763 0.312463 -0.527301
1307 0.307865 -0.620233
1308 -0.01145 -0.684933
1123 0.0565853 -0.777394
1124 0.430361 -0.702463
2252 0.331619 -0.50326
2251 0.227896 -0.683053
79 0.178629 -0.526553
80 0.278801 -0.61456
1279 0.267873 -0.480461
1280 0.275193 -0.542262
125 -0.0466777 -0.6481
126 0.212891 -0.49528
2296 0.225095 -0.553415
2295 0.222231 -0.728159
3468 0.0264077 -0.580398
3467 0.276205 -0.626507
1877 0.0220628 -0.578258
1878 0.273751 -0.606324
496 0.579125 -0.6215
495 0.356479 -0.621346
3238 0.117656 -0.586371
3237 0.410722 -0.562932
1647 0.354751 -0.697702
1648 0.360855 -0.720423
1283 -0.00271047 -0.610322
1284 0.234384 -0.654529
2920 0.582133 -0.614888
2919 0.134627 -0.714435
3148 0.11083 -0.622576
3147 0.282556 -0.770322
1330 0.420189 -0.446963
1329 0.357356 -0.449307
1435 0.303888 -0.715165
1436 0.293394 -0.787257
2137 0.509382 -0.642445
2138 0.558036 -0.59435
2537 0.386021 -0.646055
2538 0.310803 -0.458566
3260 0.273041 -0.74723
3259 0.106524 -0.719809
1991 0.324949 -0.483875
1992 0.0867364 -0.554035
1430 0.276313 -0.583909
1429 0.12525 -0.622354
2875 0.329422 -0.450338
2876 0.0058878 -0.636672
140 0.196142 -0.532834
139 0.243489 -0.566969
307 0.116304 -0.55231
308 0.538106 -0.659095
1585 0.289651 -0.696831
1586 0.284931 -0.472759
1984 0.191851 -0.815356
1983 0.24901 -0.497348
995 0.281207 -0.481006
996 0.180314 -0.675908
1467 0.0419538 -0.645292
1468 0.253894 -0.703897
779 0.22086 -0.507555
780 0.333497 -0.601864
98 0.038369 -0.647353
97 0.1841 -0.818754
187 0.294479 -0.467989
188 0.188044 -0.535167
3173 0.372911 -0.721759
3174 0.152692 -0.758668
3226 0.422109 -0.565475
3225 0.297359 -0.798171
563 0.411707 -0.436933
564 0.294165 -0.798233
1687 0.11289 -0.585848
1688 0.0861395 -0.788431
3151 0.332853 -0.722294
3152 0.215223 -0.834968
798 0.170555 -0.533033
797 0.0211503 -0.738561
1186 0.369981 -0.717407
1185 0.37154 -0.498596
2309 0.326606 -0.691624
2310 0.208377 -0.853393
2898 0.313989 -0.78948
2897 -0.0171285 -0.599193
3528 0.340085 -0.777878
3527 0.583384 -0.658823
1472 0.169783 -0.541565
1471 0.423102 -0.600208
425 0.416932 -0.452297
426 0.1414 -0.53354
1523 0.408737 -0.727559
1524 0.160788 -0.698071
1100 0.34541 -0.714574
1099 0.196038 -0.509571
1521 0.101164 -0.696475
1522 0.394533 -0.681095
571 0.236313 -0.822243
572 0.490727 -0.490919
317 0.505551 -0.673745
318 0.178899 -0.799773
2930 0.350697 -0.445083
2929 0.404539 -0.704367
3090 0.116201 -0.572087
3089 0.417183 -0.703647
2770 0.138878 -0.856539
2769 0.224822 -0.628198
1475 0.123148 -0.841777
1476 0.0628437 -0.566964
2859 0.352031 -0.448952
2860 0.041573 -0.570993
1912 0.320909 -0.468069
1911 0.171348 -0.860127
2107 0.293491 -0.818735
2108 0.566568 -0.66515
2209 0.377785 -0.452932
2210 0.475923 -0.604631
3011 0.115103 -0.535616
3012 0.195573 -0.501544
2701 0.0219593 -0.57935
2702 -0.00891482 -0.616641
2131 0.0824073 -0.653101
2132 0.0699303 -0.698267
158 0.325883 -0.465378
157 0.513928 -0.722048
3334 0.284035 -0.470298
3333 0.411589 -0.427857
1281 0.171973 -0.546676
1282 0.0816665 -0.547512
2428 0.482068 -0.572508
2427 0.223749 -0.577266
3307 0.184637 -0.514468
3308 0.147986 -0.582957
2375 0.524427 -0.687618
2376 0.238018 -0.488269
643 0.397426 -0.460373
644 0.27702 -0.483949
1679 0.331555 -0.826396
1680 -0.0104695 -0.62884
950 -0.0810848 -0.636733
949 0.108087 -0.822371
1987 0.206383 -0.505128
1988 0.198324 -0.506616
1570 0.105088 -0.54657
1569 0.215464 -0.503456
1965 0.363155 -0.80406
1966 0.442164 -0.547118
146 0.333846 -0.84105
145 0.221772 -0.526342
226 0.33287 -0.445095
225 -0.0980382 -0.621716
3008 0.533881 -0.727291
3007 0.0711379 -0.779918
141 0.448227 -0.814607
142 0.325398 -0.768337
1259 0.029035 -0.577771
1260 0.0257603 -0.609141
936 0.287113 -0.733921
935 0.489835 -0.545523
1170 0.0322505 -0.571902
1169 0.0189073 -0.668476
130 0.160312 -0.818824
129 0.32054 -0.686822
2364 0.219724 -0.494405
2363 0.0425256 -0.566068
2735 0.253856 -0.519096
2736 -0.0386903 -0.618072
136 0.392322 -0.44157
135 0.290658 -0.785939
3555 0.342613 -0.453016
3556 0.186008 -0.806249
2384 0.214925 -0.502237
2383 0.379778 -0.752546
505 0.143734 -0.534707
506 0.222948 -0.490796
3115 0.0838593 -0.740468
3116 0.369069 -0.781449
1978 0.146597 -0.833101
1977 0.354943 -0.788576
