3507 2
2853 -0.0194757 -0.527367
311 0.381689 -1.1288
1367 0.0278481 -1.22313
1682 -0.103265 -0.675425
779 -0.0689566 -0.834313
748 0.210603 -2.44427
1955 0.130366 -0.437114
543 0.378896 -1.78708
1245 0.0811279 -0.605978
2146 -0.100443 -0.589373
278 0.665391 -2.41219
482 0.180342 -0.975365
526 0.330789 -1.19572
1781 0.154434 -0.571983
284 0.743995 -2.66575
2460 0.0614872 -0.410077
1373 0.268756 -1.96018
600 0.0434277 -0.708912
977 -0.104423 -0.815605
2935 0.0237728 -0.481987
1020 0.249602 -0.42018
43 0.54026 -2.39055
3071 0.062666 -0.431418
2535 0.0513655 -0.742935
2536 0.354491 -0.659338
1903 0.046692 -0.296605
36 0.236329 -1.347
1909 0.281324 -0.194482
2676 0.184363 -0.397447
1491 0.490744 -2.48713
378 0.110128 -1.16025
2090 0.287446 -0.485975
1949 0.277816 -0.977338
1553 0.249878 -0.982439
1609 0.117891 -1.36118
79 0.293061 -1.54425
1837 0.286742 -0.492905
1642 -0.0449152 -0.843908
717 -0.0761327 -0.644215
217 0.320414 -0.445548
218 0.0982263 -0.794895
855 0.0398684 -0.697613
1733 0.667867 -2.32549
2828 0.489822 -2.57056
3281 -0.160703 -0.373452
958 0.232774 -1.39549
3176 -0.0593081 -0.541195
2641 0.0537943 -0.275287
343 0.38594 -2.58817
2612 0.220331 -0.16585
2483 0.376507 -0.482637
116 0.399928 -2.87868
2485 0.330252 -0.17706
2166 -0.0235998 -0.576745
453 0.149686 -1.50614
1001 0.18063 -0.637852
1763 0.320537 -0.485077
209 -0.0706992 -0.655918
1574 0.11243 -0.776651
1363 -0.0180859 -1.11036
3096 0.366112 -0.621935
724 0.148663 -1.66166
182 0.0612848 -1.106
2614 -0.146718 -0.279095
1996 0.126946 -0.605356
2702 -0.00890587 -0.77358
1876 0.0442654 -1.2267
2701 0.226117 -0.87194
178 0.510072 -1.24591
54 0.258146 -0.57634
53 0.413779 -1.05883
1233 0.0619981 -0.763309
364 0.345215 -0.636301
288 0.110073 -1.63487
1653 0.267881 -0.601179
2105 0.122454 -0.672679
856 0.0746878 -0.814238
853 -0.0956548 -0.651714
3401 -0.0794346 -0.427318
1017 0.589113 -1.79201
2066 -0.0300441 -0.350294
151 0.303845 -1.21348
63 0.191844 -0.703128
31 0.161886 -0.93754
1905 0.136097 -0.798543
2549 0.131152 -0.401772
797 -0.0584931 -0.377231
1097 0.497513 -1.57108
263 0.342669 -0.921164
39 0.430747 -2.21986
71 0.428995 -1.03611
2833 0.213672 -0.366624
1449 0.000404408 -0.991283
681 0.24821 -0.884573
2546 0.134654 -0.49946
2206 0.293982 -0.391553
539 0.0792178 -0.500399
608 0.205597 -1.47855
623 0.0940657 -0.479835
1967 -0.0354642 -0.456517
1402 0.0307571 -0.631437
3 0.0157352 -0.679177
1 0.0755823 -0.893091
2 0.28639 -0.813224
418 0.0937895 -0.665857
417 0.0292341 -0.755056
419 0.120275 -0.822126
1921 0.0202221 -0.743038
1922 0.0351842 -0.869734
909 0.334886 -0.56981
434 0.218779 -2.02967
501 0.110924 -0.749487
2642 0.278354 -0.361318
2029 0.165417 -0.744757
1033 0.418763 -0.754341
2482 0.273958 -0.762048
3411 0.048392 -0.545166
1372 0.115558 -0.939985
2170 0.278065 -0.521051
255 0.0275757 -0.747153
254 0.122547 -0.666307
1652 -0.122462 -0.401042
896 0.109195 -1.44761
1234 0.161135 -0.687733
68 0.0561691 -0.541893
22 0.210748 -1.78467
3188 0.031267 -0.404718
2120 0.0650013 -0.489684
2024 0.250554 -0.554383
1713 0.115106 -0.54301
1031 0.409393 -0.819033
2505 0.105257 -1.24679
792 0.159759 -0.716794
1558 -0.155532 -0.662208
1617 0.240569 -1.74405
584 -0.0137987 -0.781254
1797 0.0969249 -0.454919
2264 -0.0570472 -0.329654
198 0.319359 -1.27887
723 -0.0582499 -0.8807
2379 0.17725 -0.826809
2465 -0.0585503 -0.519162
2084 0.209207 -0.680467
287 0.000701017 -1.10757
50 0.307765 -1.09963
2137 -0.0372998 -0.604036
2162 0.123281 -0.68186
2488 0.337704 -0.524236
1209 0.288961 -0.409626
1099 0.227577 -3.04537
1191 -0.14174 -0.507364
759 -0.0885002 -0.557018
669 0.0592342 -1.00717
1750 -0.0971248 -0.182154
1604 0.112221 -0.737119
1774 0.172105 -0.436557
1794 -0.141439 -0.430706
1867 0.296451 -1.07972
107 -0.061292 -0.853513
1868 -0.0227703 -0.799263
2816 -0.0126932 -0.38503
2815 0.0770333 -0.832821
2204 0.190111 -0.611749
1455 0.361624 -1.27853
772 0.353258 -0.514447
3216 0.188729 -0.466541
353 0.189671 -2.13841
3225 0.181785 -0.44391
169 0.230717 -0.75456
1613 -0.0935233 -0.57034
2242 -0.0984507 -0.363268
2187 0.344191 -0.379028
1480 0.342076 -0.54952
1481 0.272687 -0.590048
180 0.236542 -1.32113
155 -0.0475289 -0.815969
1822 0.273006 -0.511619
658 0.185711 -1.02654
41 0.532317 -1.52052
1414 0.337362 -0.423235
3080 0.10029 -0.537162
111 0.422599 -1.17923
857 0.0654435 -1.25319
675 -0.0433972 -1.16619
2435 0.156325 -0.496835
2414 -0.0255277 -0.392306
420 0.258464 -0.495917
3349 0.0035449 -0.305261
154 0.514273 -1.47127
205 -0.0616091 -0.745204
2441 0.167911 -0.450789
2240 0.204324 -0.546321
1102 -0.0602441 -0.368468
1213 0.0594192 -0.382318
2446 0.184182 -0.370215
1487 0.0202975 -0.837827
2185 -0.1292 -0.29227
1343 -0.000259903 -0.740185
256 0.331814 -0.590069
1718 0.104516 -0.504685
1983 -0.122523 -0.596474
37 0.182162 -2.1006
231 0.148527 -1.57022
1053 0.15041 -0.65009
541 0.150932 -1.25958
537 -0.0929163 -0.346007
3061 0.00198541 -0.392301
468 0.362292 -0.996717
1052 0.470701 -1.20677
271 -0.0442807 -0.919543
2496 0.0360052 -0.413077
272 0.384273 -1.07901
1510 0.365826 -1.6374
109 0.570831 -1.45119
2184 0.0890826 -0.662317
1635 0.443933 -1.07416
384 0.294904 -0.771275
3198 0.172486 -0.582534
2517 0.0659801 -0.789265
3141 0.348819 -0.557981
2159 -0.0514045 -0.928468
743 0.310369 -0.825733
3340 0.0762642 -0.71129
3341 0.0327063 -0.844571
1056 -0.0181645 -0.761364
2152 0.177845 -0.592292
550 0.627448 -2.42836
1304 0.300598 -0.926973
1305 0.297909 -0.840006
1830 0.0603563 -0.815286
1829 0.399139 -0.800561
1332 0.375419 -0.680588
398 0.422907 -1.08094
1544 0.326587 -0.583032
2102 0.128119 -0.923261
273 0.0419018 -0.786123
3301 -0.0310075 -0.398421
100 0.155696 -1.11132
3222 0.222036 -0.416934
480 0.107063 -0.962879
1484 0.0606958 -0.733357
1668 0.268477 -0.602544
2509 0.179033 -0.852824
646 0.273466 -0.797274
2169 -0.172369 -0.42953
383 0.0627054 -1.25847
130 0.497958 -1.2743
2857 0.300441 -0.324109
2902 0.0158745 -0.67693
500 0.328473 -0.846219
1183 0.299288 -0.6134
3277 0.100974 -0.396538
1272 0.390386 -1.65491
3275 0.263123 -0.415209
464 0.0246484 -1.43022
291 0.262689 -0.832939
1778 0.0679941 -0.472935
2673 0.146776 -0.720924
2672 0.112082 -0.792973
3152 -0.0966161 -0.465202
655 0.389892 -0.72382
3264 0.0761089 -0.435935
860 0.146027 -0.609081
678 0.090224 -0.783228
1177 0.222843 -0.417023
1104 -0.0499674 -0.470933
2276 0.305596 -0.283211
2292 0.272008 -0.457885
1070 0.090779 -0.737003
1068 -0.0306194 -0.910685
98 0.295975 -1.13912
1807 -0.140341 -0.585283
1315 -0.0371984 -0.559655
298 0.289406 -1.85631
208 0.118691 -0.935264
3289 0.0599963 -0.402844
285 0.40683 -1.53576
659 0.14179 -1.67224
3024 0.279972 -0.386355
2960 0.390059 -1.00814
914 0.16916 -0.957255
2451 0.0949697 -0.371182
1375 0.209706 -0.95657
1239 0.281369 -0.588346
1240 0.331863 -0.531936
3384 -0.0834595 -0.498738
654 0.0885678 -0.963841
2303 0.262719 -0.362636
2288 0.0101295 -0.449985
1745 0.152854 -0.299991
1226 0.1819 -0.983879
23 0.585384 -2.011
556 -0.0593144 -1.07882
355 0.284217 -1.13153
13 0.0686851 -0.827177
1586 0.163134 -0.607762
2238 0.0303317 -0.481614
2354 0.120083 -0.440041
89 0.243838 -0.682878
950 0.0556639 -0.563109
449 0.0183768 -0.803243
446 0.339058 -1.04614
1611 0.319154 -0.656634
1720 0.0269773 -0.52699
3268 -0.00325906 -0.497874
1223 0.269572 -1.42144
1819 0.110536 -0.511748
1958 0.254117 -0.527356
2658 -0.109616 -0.386697
606 0.227037 -0.863078
506 0.213919 -0.774806
1488 0.303701 -0.582992
350 0.217173 -0.74201
2300 0.221817 -0.571069
2570 0.338698 -1.40209
1041 0.237752 -0.963524
999 0.366644 -0.889662
1003 0.263939 -0.803149
2907 0.188085 -0.479906
783 0.0139107 -0.767005
1029 0.351148 -1.16395
2793 -0.0399126 -0.702221
2590 0.161965 -1.10947
1729 0.175657 -0.515783
1227 0.104152 -0.617076
1055 -0.00952588 -0.413708
2038 0.289863 -0.435932
1860 0.215655 -0.614756
1861 0.368866 -0.765872
1303 0.0789033 -0.682297
1500 0.196845 -1.78365
2149 0.187742 -0.555506
1513 0.0274298 -0.887062
1592 0.0400214 -0.822208
1646 0.322236 -0.781632
1479 0.322577 -0.70145
1644 0.233967 -0.773224
1866 -0.0425828 -0.697162
726 -0.108604 -1.03456
2368 -0.00823842 -0.2855
603 0.1395 -0.55288
2989 0.125161 -0.950703
2988 0.253314 -0.779702
2995 -0.173303 -0.44946
1920 0.0799818 -0.87042
1291 0.253423 -0.940281
1192 -0.0514122 -0.442696
812 0.0271624 -0.657728
945 0.160418 -0.407468
469 -0.0392926 -0.858409
943 0.256941 -0.635299
3260 -0.0886556 -0.44216
1673 -0.13288 -0.488248
197 0.325308 -1.15477
1496 -0.0661967 -0.456248
679 0.344981 -1.06309
710 0.348059 -0.918695
712 0.306098 -0.859375
3180 -0.100163 -0.223237
2151 0.221958 -0.376819
2888 -0.0374802 -0.378567
1084 -0.0784192 -0.716505
1691 0.144794 -0.478405
3100 -0.146279 -0.369155
129 0.0232669 -1.04375
2898 0.137073 -0.337356
2459 0.394012 -0.534827
3162 0.307866 -0.311868
497 0.00258783 -0.695871
92 0.137071 -0.813262
148 0.123121 -0.990756
2353 0.304742 -0.384334
253 0.0933113 -1.02124
1846 0.362404 -0.905412
2592 0.12758 -1.15975
405 -0.0915377 -0.65609
3251 0.31985 -0.774435
3250 0.391256 -0.697363
3111 0.296218 -0.42066
1265 0.0848956 -1.21926
2163 -0.0533983 -0.525781
1382 -0.059259 -0.814717
2529 -0.0995197 -0.463253
2516 0.274919 -1.75232
162 0.0510616 -0.815179
653 0.192857 -0.476894
106 0.14625 -1.3807
463 -0.0259103 -0.537597
515 -0.0117382 -1.23277
522 0.257365 -0.97285
1143 -0.0899668 -0.376759
62 0.375084 -0.744557
87 0.320894 -0.946362
3372 0.0249074 -0.343784
1694 -0.0620801 -0.775936
2617 -0.0314678 -0.147449
2615 0.233981 -0.291001
816 -0.153027 -0.361693
789 -0.0450591 -0.561263
2082 0.285742 -0.598334
2081 0.066086 -0.942326
3226 0.222458 -0.550475
2567 0.201196 -0.49175
589 0.436625 -1.59556
1970 0.305514 -0.489018
3358 0.0699824 -0.936835
3359 -0.0313738 -0.827467
1717 0.104111 -0.614464
1722 0.0371721 -0.536341
1660 0.0675385 -0.479413
3129 0.242917 -0.409818
1457 0.393685 -1.24194
3128 -0.075758 -0.569741
602 0.227484 -0.901426
2404 0.411723 -0.805444
1275 0.203459 -0.528609
268 0.435724 -1.48504
38 0.0835061 -1.03272
1439 0.0621195 -1.38722
2660 0.365188 -0.91583
2659 0.312552 -0.871271
1851 0.296393 -0.434357
2597 0.21789 -0.924143
1590 0.0233351 -0.872232
566 0.121222 -1.16172
564 0.0277051 -0.531882
2477 0.0404683 -0.445804
1692 0.274976 -0.643037
2357 -0.0817019 -0.47718
2469 -0.0337412 -0.348497
694 0.101192 -0.919942
696 -0.0574865 -1.0038
1297 -0.0144035 -0.888809
2528 -0.134833 -0.400723
2519 0.0356706 -0.583494
2259 0.200424 -0.44225
2416 0.139469 -0.455526
2981 0.0700599 -0.744608
2982 -0.0501331 -0.831792
3472 -0.0235664 -0.48082
1791 0.19459 -0.689754
2927 -0.0571434 -0.761273
134 -0.0148047 -1.01957
621 -0.123118 -0.464403
611 0.102893 -0.582222
2530 0.11308 -0.449208
978 -0.115112 -0.486644
968 0.437492 -1.4728
289 0.216789 -1.11263
3094 0.195393 -0.678066
1024 0.0930253 -0.787457
1843 0.288391 -0.573635
680 -0.0282971 -0.755051
2092 0.0375518 -0.48162
2456 -0.0203437 -0.744055
2736 0.031717 -0.347365
1746 0.151551 -0.550846
206 0.021733 -1.35085
476 -0.149909 -0.701429
836 0.0929234 -0.890669
837 -0.00101725 -0.924539
1824 0.0511562 -0.566998
1428 0.182348 -0.842006
1225 0.192755 -0.774095
157 0.388062 -0.785202
304 0.386353 -0.761157
305 0.42647 -1.00714
540 0.445229 -1.13775
1512 -0.115432 -0.793692
1473 0.0161454 -0.713461
1659 0.0261274 -0.892623
495 0.077975 -0.502152
2817 0.0823799 -0.708675
833 0.205562 -0.465508
1107 0.178682 -0.882702
1254 0.277207 -0.817697
1078 0.431395 -1.04344
444 0.201714 -0.691537
443 -0.084162 -0.663372
5 0.28717 -0.611515
7 0.36098 -0.861526
1235 0.303847 -0.953414
462 -0.0312946 -0.749402
1165 0.311817 -0.347718
3252 -0.094891 -0.756533
2563 0.409535 -0.79813
491 0.0457186 -0.571723
230 -0.0470859 -0.767073
2518 0.0831246 -0.365149
332 -0.171761 -0.500441
328 0.0579196 -1.17339
330 0.227056 -0.622108
2577 0.270041 -0.445394
1534 0.0935987 -1.12454
163 0.0597589 -1.04009
3436 0.284136 -0.279074
1349 0.348681 -1.01583
313 0.25802 -0.529512
1092 -0.0162727 -1.06751
483 0.229919 -1.00994
2571 -0.107775 -0.594376
2573 0.0110982 -0.540522
2800 0.153623 -0.401161
1472 -0.0212855 -0.67196
1831 -0.0629152 -0.737766
460 -0.0260334 -0.755804
459 0.141002 -0.847136
1432 0.478688 -1.28429
1202 0.0282898 -0.287226
1211 0.0935994 -0.403538
1197 0.295976 -0.522728
1503 0.145451 -0.690416
3017 0.29091 -0.656122
246 0.557826 -1.58298
349 0.18099 -1.20915
3460 0.0698004 -0.528988
1890 0.02074 -0.550564
1618 0.150723 -0.508552
3314 -0.118808 -0.488527
47 0.117389 -1.49912
185 0.143393 -0.471509
1700 -0.136571 -0.378554
1423 0.284926 -0.605957
683 0.0335816 -1.56105
2527 0.10533 -0.514632
671 0.10979 -0.741273
3137 -0.0534652 -0.437852
2487 0.362498 -1.20282
81 0.0321067 -1.0128
3164 -0.167465 -0.374473
676 0.297334 -0.835481
2321 0.328761 -0.588479
2200 0.217237 -0.273426
3468 -0.0350727 -0.419725
1376 0.270798 -0.606999
69 0.134056 -0.654296
44 0.356152 -0.708689
728 -0.0448394 -1.08385
551 0.106841 -0.634064
2400 -0.0288758 -0.409825
2331 0.0445626 -0.526976
2684 0.319817 -0.743641
1741 0.124879 -0.988359
1742 0.242734 -0.604846
2650 -0.0155512 -0.208279
337 0.27854 -1.09494
3035 -0.0360648 -0.43994
3056 0.0468735 -0.412993
147 0.240405 -0.598508
3425 -0.0709796 -0.75931
3426 0.281926 -0.764622
2939 0.0494883 -0.816774
2940 0.146006 -0.745116
2392 0.309379 -0.711532
3022 0.224338 -0.636027
137 0.0747266 -2.01175
3269 0.209908 -0.303873
825 0.187769 -1.63953
1004 -0.0854844 -0.613165
2812 -0.143337 -0.600334
2776 0.114445 -1.22145
6 0.376223 -0.663322
557 0.132355 -0.363522
573 0.0593576 -0.896888
749 0.347717 -0.587
340 0.194656 -1.11569
2787 -0.080337 -0.755331
3189 0.199401 -0.799311
3464 0.123866 -0.279841
1150 -0.0668435 -0.493533
3082 0.173665 -0.466172
1117 -0.00376259 -0.261218
1142 0.103455 -0.640174
1845 -0.119419 -0.504772
503 0.230304 -0.869443
2046 0.328547 -0.662878
2047 0.0883473 -0.379664
1927 0.207091 -0.346736
3066 0.0552143 -0.469627
1820 -0.048135 -0.770036
1947 0.0782756 -0.648957
577 0.471955 -1.19517
120 -0.0441046 -0.67903
195 0.210974 -0.633392
58 0.271925 -1.01495
2685 0.140164 -0.52685
80 0.258088 -1.25843
2557 0.0430271 -0.564165
295 0.363067 -0.7183
2336 -0.0351958 -0.362437
2319 0.331071 -0.783774
166 -0.0486228 -0.638258
103 0.464337 -1.16927
2949 -0.0800354 -0.433305
1079 0.0553066 -1.11617
2075 0.305241 -0.668856
1645 0.104968 -0.860426
2944 -0.0276774 -0.885346
2943 0.12554 -0.839851
1813 0.333413 -0.434741
572 0.232774 -0.824299
3266 -0.00133336 -0.556557
565 0.0842455 -0.867377
2753 -0.164119 -0.551511
101 0.0250474 -0.878508
3291 0.269929 -0.507866
475 0.059137 -0.425101
8 -0.00699596 -0.988635
3199 -0.0126167 -0.454369
57 0.330625 -0.961476
1352 -0.0136485 -0.775228
1895 0.415511 -1.21402
299 0.384016 -0.746739
95 0.162665 -0.766284
365 -0.0687952 -0.668461
639 0.338213 -0.872073
956 0.0682856 -0.500772
699 0.101452 -0.899893
700 0.261998 -0.738975
187 0.178876 -1.10436
3465 -0.126961 -0.442577
815 -0.0558874 -0.466758
1461 0.130838 -0.623104
1132 0.134861 -0.244684
1164 0.319164 -0.634914
991 0.169845 -0.982657
2847 0.0360836 -0.501243
259 0.0744541 -0.740681
2230 0.168224 -0.5085
2377 0.0534964 -0.293596
3060 0.202913 -0.398664
687 0.235217 -0.54919
1999 0.0232662 -0.705811
2108 0.11464 -0.538951
2004 0.333486 -0.689202
570 0.37667 -0.661191
569 0.0301539 -0.74616
510 0.0145379 -0.718547
342 0.489828 -1.5046
242 0.350942 -0.745839
243 0.233545 -0.847895
2840 -0.102939 -0.393904
3320 -0.0725105 -0.3503
626 0.158466 -1.26099
2811 0.102357 -0.660189
1891 0.101298 -0.932196
2138 -0.0263859 -0.595975
2122 -0.0355595 -0.54418
2290 0.0541845 -0.478868
2281 0.251069 -0.794499
1038 0.0681742 -0.449005
264 0.120072 -1.04401
3114 0.0236226 -0.80864
3115 -0.0733247 -0.940884
3448 0.0049474 -0.429608
2014 0.238988 -0.497254
969 0.271348 -0.927203
777 0.176074 -0.339928
1129 0.245106 -0.344448
1631 0.199499 -0.568684
799 0.0909179 -0.45912
1915 0.308007 -1.17581
229 0.224718 -0.708351
228 0.45118 -0.932795
235 0.125105 -0.643221
3026 -0.0586582 -0.740303
955 0.416194 -1.0376
2493 0.191477 -0.488126
1714 0.153922 -0.82852
2906 0.224499 -0.386538
1378 -0.130387 -0.524444
2622 0.103376 -0.330642
1327 -0.0358928 -0.669244
3294 0.047676 -0.459571
1069 0.255264 -0.810194
286 0.181182 -0.885165
2216 -0.073685 -0.502266
2386 0.291215 -0.319187
2962 0.202686 -0.47719
682 0.221116 -0.764888
2841 0.137321 -0.292338
3181 -0.0829908 -0.423178
1539 0.0820316 -0.482436
583 -0.0127593 -0.800342
1654 -0.0808022 -0.735699
2440 0.114067 -0.48286
412 0.109819 -0.66815
1298 0.262615 -0.81429
1299 0.196512 -0.812724
1531 0.133963 -0.647021
2525 -0.0781515 -0.988873
984 0.05559 -0.969862
2633 0.194377 -0.292378
390 0.16977 -1.30584
2791 0.310273 -0.650496
173 0.0383202 -0.695834
1943 0.0927488 -0.548291
2282 -0.103752 -0.459457
2467 0.00372827 -0.43337
910 0.0135998 -0.933438
911 0.10525 -0.816384
2601 -0.0735061 -0.788724
1594 0.0274537 -1.03978
3410 -0.067434 -0.649107
146 0.310019 -0.821144
2895 0.277517 -0.768854
1525 0.0503084 -0.501053
437 0.304857 -1.00546
1888 0.348694 -0.605009
3365 0.0223295 -0.523895
1948 0.232707 -0.563898
3418 0.0869738 -0.506646
776 0.313625 -0.568739
731 -0.0634374 -0.970993
802 0.30296 -0.242205
60 0.329605 -1.32302
595 0.300682 -0.500263
3097 0.138252 -0.666325
1404 -0.0346225 -0.625942
219 -0.0428341 -1.05402
1359 -0.00509723 -0.843682
2003 0.318705 -0.45112
1358 -0.0713331 -0.977554
965 -0.058351 -0.676756
2306 0.0888984 -0.416256
2636 0.139861 -0.196274
2628 0.0265939 -0.404075
3302 0.325852 -0.559709
29 0.487881 -1.3089
2098 0.181531 -0.378318
1159 -0.0538963 -0.443589
1178 0.0989157 -0.685602
3286 0.127557 -1.22793
2537 0.329648 -0.722764
2920 0.118008 -0.580722
568 0.28886 -0.772873
3257 0.102811 -0.730514
1061 0.043522 -0.745098
2026 0.159993 -0.472115
2652 -0.0307203 -0.310041
3108 0.285846 -0.656572
2996 -0.100985 -0.600057
1485 0.0271838 -0.549734
1121 0.37786 -0.740849
2558 0.251386 -0.604216
2832 -0.0580192 -0.393561
1284 0.0116957 -1.31837
3135 -0.0788633 -0.57952
347 0.23669 -1.02213
2359 0.228797 -0.315065
2406 0.0350529 -0.457208
456 0.0955618 -0.363124
458 0.488111 -0.997484
1565 0.301204 -1.31658
1274 0.374318 -1.01588
2721 -0.0171793 -0.702524
2022 0.113567 -0.496408
1054 -0.101213 -0.507537
2664 -0.0873334 -0.751195
2144 0.321996 -0.534785
2774 0.325932 -0.421392
1002 0.073728 -1.24538
2777 0.158376 -0.678571
346 0.0484133 -0.850568
1576 0.370399 -0.749205
3435 -0.077661 -0.365792
2648 -0.116786 -0.450676
3503 0.297512 -0.626498
1452 0.341734 -1.59802
3343 0.0433998 -0.467577
200 0.454074 -1.21142
3427 -0.121593 -0.627714
1101 0.0624843 -0.828296
3074 -0.074109 -0.336998
275 -0.0363465 -0.959869
3147 0.106311 -0.819891
2822 0.354162 -0.998775
1156 0.115226 -0.503234
211 -0.0339642 -0.830943
2077 0.19832 -0.429863
1918 -0.090012 -0.651167
547 0.364019 -0.728968
3469 0.1985 -0.433459
161 0.203917 -0.748119
373 0.0474603 -0.495545
369 0.125177 -0.752232
1181 0.345395 -0.241242
912 -0.0443018 -0.381785
177 0.204505 -0.554859
183 0.159301 -0.999096
1048 0.253348 -0.798039
329 -0.0093367 -0.842402
2924 0.277214 -0.492727
781 -0.116595 -0.678493
666 0.340152 -0.797533
555 -0.00995115 -0.70851
121 0.255405 -0.805691
1734 0.294572 -0.483256
140 0.341703 -0.74803
76 0.361317 -0.952743
882 0.0366213 -1.03183
1993 0.33815 -0.619916
1991 -0.0107361 -1.12496
1994 0.412414 -0.915367
2709 0.0171667 -0.423532
1394 0.17739 -0.969477
1676 -0.13601 -0.552238
627 0.318384 -1.31746
664 0.384092 -0.925814
3015 -0.113453 -0.480065
386 0.146056 -1.67825
3421 0.0299978 -0.746506
3420 0.174529 -1.00713
1767 0.107141 -0.545168
357 0.0401794 -1.02109
2961 0.186612 -0.401
2651 -0.0278028 -0.579638
119 -0.092771 -0.976157
715 0.0962343 -0.753104
2804 0.261229 -0.938795
775 0.247427 -0.24803
1232 0.117728 -0.815451
131 0.171056 -0.698467
1497 0.264732 -0.841729
2280 -0.0641021 -0.466423
2444 0.107965 -0.440197
1614 0.278572 -0.993274
3003 0.0432381 -1.34442
222 0.3119 -0.890115
926 0.051045 -0.628034
2801 0.0858188 -0.428179
2017 0.242809 -0.975668
64 -0.056741 -0.403732
502 0.302278 -0.315334
880 0.217312 -0.793697
2048 0.443438 -1.13557
136 -0.0637439 -1.05068
1398 0.0755489 -0.983151
112 0.321976 -1.04468
1334 0.140599 -0.854919
113 -0.0451613 -0.918882
3316 -0.0794818 -0.459439
1300 0.0404237 -0.679946
1270 0.0391824 -0.476311
1260 0.556121 -1.51025
1137 0.230997 -0.589429
2079 0.339578 -0.767842
266 0.263964 -1.26594
315 0.15091 -0.705115
530 0.0610572 -0.59517
1973 -0.10226 -0.609464
319 -0.0596083 -0.502514
3398 -0.105424 -0.32046
1761 0.355264 -0.397133
2072 -0.00575953 -0.466551
1166 0.179268 -0.982552
609 0.21323 -0.662657
622 -0.00570059 -1.21806
1494 -0.0812065 -0.830865
1495 0.117951 -0.852569
1622 0.067515 -0.536545
1355 0.0595435 -0.638828
2782 0.0993222 -0.321558
2491 0.411347 -0.842934
2805 0.151541 -0.764741
3444 0.108241 -0.439643
917 0.110961 -0.810837
1424 0.112862 -0.800342
371 0.000125275 -0.832299
33 0.299112 -1.08587
356 0.097279 -0.32261
2742 0.243369 -0.690833
214 0.0332665 -0.996837
599 0.26909 -1.0408
1764 -0.191304 -0.438991
1782 0.0365182 -0.548449
574 -0.0402527 -1.03325
196 0.171125 -1.5228
1663 0.210576 -0.409937
2694 -0.131703 -0.632234
2328 0.263547 -1.08981
2574 0.0933861 -0.805633
935 0.312158 -0.390891
3428 0.045875 -0.754912
2569 0.367196 -1.10053
842 0.254866 -0.34761
308 0.260964 -1.05389
885 0.063957 -0.906998
527 0.187727 -0.67737
2750 0.133639 -0.455427
2594 0.204563 -0.475518
845 0.168804 -1.00401
1049 0.302182 -0.649345
3346 0.17715 -0.632421
1114 0.0959481 -0.539412
3076 -0.0486898 -0.526284
1086 0.143033 -0.601773
1425 -0.0515179 -0.56875
2033 0.0599905 -0.357523
3077 -0.0162458 -0.379817
490 0.270071 -0.648355
489 0.30246 -0.776487
2261 0.247521 -0.468616
1410 0.101318 -0.554267
2844 0.0332704 -0.355766
2855 0.0890813 -0.34418
3208 0.360613 -0.780358
3429 0.235911 -0.775736
1878 0.33427 -0.61635
1838 -0.0344884 -0.781689
2231 0.172931 -0.255611
1959 -0.0862307 -0.590597
78 -0.0892483 -0.660735
2171 0.154035 -0.776442
2172 0.369562 -0.830664
3357 0.278014 -0.653238
1083 0.318407 -0.59001
2955 0.160312 -0.691723
2409 0.114465 -0.746586
1347 0.198634 -0.544697
249 0.161446 -0.601998
3220 -0.0323492 -0.37928
1290 -0.0207351 -0.588299
1011 0.194989 -0.2879
421 0.48075 -1.12731
2106 0.310825 -0.762057
1597 0.181957 -1.19328
72 0.0659981 -0.842368
745 0.145132 -0.677644
746 0.0465739 -0.837123
2539 -0.122068 -0.486016
451 0.318095 -1.0873
1339 0.125326 -0.67227
3067 -0.0613335 -0.508905
1963 -0.116855 -0.598492
536 0.247359 -0.621684
94 -0.0240613 -1.08556
1198 -0.0284935 -0.544799
1610 0.0985357 -1.26097
866 0.174938 -1.02184
894 -0.117368 -0.688722
532 0.103658 -0.646898
567 0.0851398 -0.810446
2053 -0.00550831 -0.586622
1172 0.292348 -0.570408
1351 -0.0484855 -0.616211
628 0.30662 -0.839031
1744 -0.0712595 -0.705614
3240 0.306468 -0.26529
3434 0.251443 -0.340256
344 0.171263 -0.904128
411 -0.14506 -0.728678
893 0.000811089 -0.687648
279 0.169664 -1.37758
531 0.262107 -0.902943
2576 0.219971 -0.876394
2394 -0.0787496 -0.443734
665 0.0811197 -0.724386
2737 0.323455 -0.901534
250 0.27551 -0.538867
1877 0.0415711 -0.361977
1140 0.0968267 -0.562021
382 0.301612 -0.681943
2055 0.373906 -0.55558
2422 -0.143541 -0.287021
2388 0.173691 -0.796513
2994 -0.0264005 -0.584522
427 0.115408 -0.802442
3101 0.0698237 -0.389891
695 0.400765 -0.722482
2555 0.181181 -0.812633
2554 0.0450806 -0.809382
2771 0.410588 -0.941005
1785 0.0182041 -0.675821
2885 -0.180939 -0.363716
2005 -0.0890215 -0.393599
1627 0.0943131 -0.946257
124 0.33477 -1.07848
1237 0.185532 -0.454496
1026 0.192617 -0.838016
1914 -0.0610005 -0.597033
3174 0.165613 -0.478173
2619 0.115167 -0.483287
2427 0.046209 -0.558071
1527 0.0811878 -0.632108
3099 -0.155191 -0.405875
223 0.32481 -0.671412
3134 0.310398 -0.509619
1134 0.226999 -0.846126
3230 -0.0789084 -0.342528
361 0.319791 -0.731707
2986 0.283777 -0.50524
2715 0.129866 -0.399226
2720 0.0936181 -0.379356
282 -0.0465581 -0.804807
1835 0.325822 -0.899398
2531 0.377685 -1.19484
2502 0.019387 -0.673965
1969 0.0756469 -0.724272
516 0.25937 -0.91916
1540 0.149148 -0.847943
705 0.0137264 -0.916423
1005 0.290165 -1.02199
1006 0.326927 -0.575092
2744 -0.0535575 -0.633935
1727 -0.05152 -0.909245
2255 -0.012201 -0.575385
2199 0.0290857 -0.421761
270 0.107 -1.05811
2492 -0.0244727 -0.364903
2211 0.286245 -0.292236
796 0.287961 -0.452917
127 0.00928331 -0.948926
1798 -0.00386209 -0.417079
372 0.407753 -1.29268
212 -0.0254497 -0.851081
670 0.112524 -0.725194
2699 0.0996153 -0.443285
391 0.000575383 -0.910374
436 0.339228 -0.524221
334 -0.0219343 -0.861932
2153 0.143292 -0.674938
2272 0.228256 -0.485031
472 -0.140467 -0.371132
51 0.261506 -0.570971
1122 0.0647875 -0.538272
2119 -0.042581 -0.749533
691 0.264334 -0.682415
2985 -0.0677481 -0.728285
2983 0.00940852 -1.16879
762 -0.12242 -0.403588
2917 0.25867 -0.737915
2584 0.00193927 -0.929771
2583 0.399774 -1.03396
2510 0.107214 -0.847293
2670 0.11458 -0.692725
274 0.332394 -0.851942
2011 0.348512 -0.322692
2010 0.387897 -0.864241
1075 0.189732 -0.819496
1557 -0.0353322 -0.672852
1508 0.344734 -0.778533
1954 -0.127315 -0.672369
2395 0.302585 -0.49678
2411 0.350893 -0.679438
2731 -0.0723561 -0.520782
2745 0.139864 -0.393908
2224 0.238609 -0.342186
1342 0.272186 -1.07449
810 0.0240536 -0.419166
2661 0.295719 -0.785165
560 -0.0992085 -0.660319
2182 0.0564141 -0.810434
348 0.171439 -0.783787
2916 -0.0997336 -0.529252
2116 0.285081 -0.379693
1979 0.0176374 -0.50426
1555 0.0515686 -0.561098
1296 0.402623 -0.722709
1293 0.257407 -0.831142
697 0.235771 -0.896534
2798 0.279044 -0.484107
3319 0.167867 -0.279494
3321 0.15485 -0.40931
1814 -0.0811268 -0.46131
1441 0.00239527 -0.790272
1849 0.302314 -0.538599
2448 0.228036 -0.365759
576 0.226258 -0.665651
1060 0.307933 -0.340373
2600 -0.0301045 -0.663004
2978 0.313663 -0.40862
966 0.0558478 -0.731184
3084 -0.0388219 -0.485593
1523 0.250652 -0.545585
3360 -0.0971032 -0.551673
1051 0.0490688 -0.915941
194 0.263362 -0.678372
2593 -0.0223228 -0.424116
3045 0.270292 -0.49951
3140 0.265804 -0.54795
1505 0.0639377 -0.531484
1241 0.158519 -0.443131
16 0.109796 -1.16186
771 -0.0430902 -0.796735
2450 -0.0228943 -0.531719
1583 -0.00395299 -0.63329
996 0.0896303 -0.817235
70 0.344596 -0.914602
1330 0.100195 -0.96039
1743 0.102901 -0.548737
1821 0.0320086 -0.532686
1174 0.250912 -0.397205
1246 0.33439 -0.610416
3380 0.112392 -0.542258
549 0.0229405 -0.873722
2239 -0.107447 -0.557225
1712 0.372285 -0.763924
2802 0.00940273 -0.6986
1606 0.22312 -0.482689
156 0.390982 -0.687429
3361 0.125749 -0.542409
83 0.263158 -0.795009
908 0.157223 -0.756385
1636 0.275881 -1.13133
1261 0.17253 -0.750964
1422 0.0859765 -0.760584
1832 0.108367 -0.595706
1707 0.35826 -0.939981
1854 -0.0871624 -0.525004
1310 0.140077 -0.466863
2786 0.357233 -0.65265
1242 -0.00776813 -0.768009
2635 0.163086 -0.248052
953 -0.109832 -0.536765
1575 0.350688 -0.881098
1447 -0.120104 -0.600125
238 -0.0217706 -0.568294
237 0.135828 -0.606451
2383 0.0829507 -0.407232
2176 0.232652 -0.608625
2147 0.369259 -0.684107
1080 0.395858 -0.756438
2936 0.295424 -0.764308
3046 0.0987131 -0.502542
3182 0.0689898 -0.714689
2975 -0.0534694 -0.426155
1112 0.162786 -0.484574
1311 0.140536 -0.56001
126 0.080585 -1.16627
873 -0.100907 -0.578986
2045 -0.102073 -0.601274
309 0.242472 -0.835271
2479 0.320258 -0.421147
1857 0.342899 -0.759775
1647 0.0998811 -0.632575
210 0.138709 -0.929968
1318 0.24439 -0.480348
1313 0.313592 -0.692905
3438 0.155716 -0.442853
302 0.346775 -0.766607
2302 0.10032 -0.394139
1478 0.246541 -0.41149
422 0.109733 -0.579548
428 -0.0622643 -0.947376
132 -0.0382032 -0.80709
184 -0.00497956 -0.913738
2232 -0.0696696 -0.359319
2160 0.316241 -0.774089
2915 0.246172 -0.830249
3102 -0.0683059 -0.523836
3055 0.0805853 -0.408601
514 -0.0413284 -0.755388
2101 0.41102 -0.653855
513 0.122916 -0.73505
709 -0.0607121 -0.814772
380 0.255741 -1.00004
3172 -0.121838 -0.558949
192 0.396127 -1.1258
1908 0.0919627 -0.328122
1630 -0.0789655 -0.632165
2037 -0.146011 -0.568638
1731 0.0189543 -0.483087
3118 0.142131 -0.833274
3116 0.190471 -0.70103
925 0.0583999 -0.825867
923 0.15298 -1.48401
280 0.0299122 -0.881931
3072 0.181217 -0.458295
904 -0.10035 -0.688414
760 -0.0379807 -1.10011
1535 -0.0733011 -0.855782
2908 -0.0650332 -0.669622
2883 0.302743 -0.700361
1710 -0.0616199 -0.441651
2193 -0.101256 -0.204745
1476 -0.0370126 -0.481891
91 -0.0437506 -1.29532
2602 0.168775 -0.239323
2142 0.18392 -0.641376
982 0.139817 -0.850123
1392 -0.00720593 -0.527955
1390 0.134612 -1.2639
1396 0.206843 -0.711084
2030 0.0216823 -0.719672
2031 -0.0213682 -0.754105
2856 0.311492 -0.375301
2864 0.00664366 -0.378571
2273 -0.0419788 -0.460953
1863 -0.0821271 -0.623746
3299 -0.0909978 -0.483052
1666 0.270794 -0.448304
1662 -0.0512701 -0.467419
538 0.42658 -0.699501
841 -0.0106036 -0.646426
840 0.0774664 -0.60629
1162 0.076927 -0.270332
1212 0.0763243 -0.410011
1208 0.283027 -0.412577
1111 -0.142996 -0.701417
1698 0.14258 -0.571424
1542 0.0561688 -0.658187
718 -0.136223 -0.6193
2099 -0.0726204 -0.675268
326 0.439117 -1.1363
414 0.275199 -0.679
401 0.0762694 -0.281167
874 0.337011 -0.755471
765 -0.0203497 -0.589251
2337 0.362847 -0.269417
2426 -0.0255072 -0.554288
2063 0.416372 -1.14148
614 0.233153 -0.924982
93 0.0369706 -0.784557
891 0.0156462 -1.01944
277 0.253471 -1.08656
1308 -0.165531 -0.606974
918 0.21449 -0.680417
913 0.134749 -1.21253
3079 -0.0814222 -0.522179
1522 -0.0361739 -0.64328
754 -0.00975273 -0.663684
604 0.189465 -1.13963
520 -0.0986954 -0.708869
3110 0.167549 -0.56306
672 0.167631 -0.757752
3013 -0.121459 -0.484332
2378 0.0263458 -0.365645
2221 0.0137345 -0.456658
1584 0.230524 -0.54647
793 0.182966 -0.751594
2018 0.236751 -0.530068
488 0.116362 -0.65221
2979 0.0937195 -0.496464
2826 0.261545 -0.285943
528 -0.016545 -0.786674
1577 0.276322 -0.466246
3203 -0.00108417 -0.52593
216 -0.111953 -0.432517
1287 -0.00159196 -0.458605
504 -0.134424 -0.798959
1370 0.0994821 -0.818618
821 0.31972 -0.523835
2180 0.121602 -0.791837
1151 0.1397 -0.862297
1385 0.339015 -0.688207
1229 0.0327779 -0.660779
1433 -0.00567107 -0.518639
2662 -0.0258811 -0.491024
1739 0.248239 -0.542525
201 0.2086 -0.498103
105 0.228919 -0.793554
1470 0.164306 -0.575314
450 0.0285882 -0.958829
2912 0.149396 -0.631632
3315 0.219142 -0.452565
1811 0.0902917 -0.640853
1043 0.166697 -0.859987
2134 0.2459 -0.763406
1163 0.24896 -0.464068
2472 0.192283 -0.220191
2968 0.13393 -0.503902
1828 0.0977526 -1.00709
190 0.103228 -0.758216
2173 0.030064 -0.712305
396 0.247969 -0.853991
1556 0.350613 -0.682374
1196 -0.0752265 -0.674808
244 0.184286 -0.720829
2109 0.28684 -1.16585
2111 0.0065628 -1.12882
1264 0.0162351 -0.702114
2019 -0.0300293 -0.962438
2020 -0.106956 -0.962556
2178 0.326021 -0.722434
1974 0.129456 -0.708804
1251 0.131486 -0.862885
24 0.34383 -0.7132
338 0.198994 -0.661757
703 0.384184 -0.949901
97 0.087811 -0.75048
704 -0.108853 -0.573419
524 0.280477 -1.39201
3205 0.039678 -0.350136
1572 -0.0280296 -0.902755
1573 -0.0732618 -0.878779
2861 0.261691 -0.349434
1040 0.063645 -0.873503
2534 0.253157 -0.530473
2533 0.21405 -0.60608
2760 -0.0932792 -0.409412
947 0.301144 -0.813658
1344 0.301928 -1.01796
2366 0.0152701 -0.455069
1035 0.234868 -0.769336
1050 0.0431345 -0.393903
3507 0.190666 -0.35656
310 0.298327 -0.749112
1683 0.101465 -0.321481
921 0.364322 -0.913759
1018 0.348977 -1.00058
922 0.0346333 -0.497983
3154 0.262482 -0.582045
3161 0.0965691 -0.329484
2291 0.167373 -0.362839
1589 0.26171 -0.796979
144 0.335809 -0.672318
1755 0.0884165 -0.239005
1667 -0.118443 -0.656977
2806 -0.0867645 -0.547523
830 0.00427112 -0.733379
3378 0.194169 -0.281048
2016 0.269344 -0.891135
2015 0.143153 -0.813012
3119 0.070727 -0.433205
351 0.0958092 -1.22047
1077 0.12011 -1.12249
2703 0.204613 -0.510977
1093 0.221548 -0.301238
3145 -0.0475539 -0.555075
1263 -0.00716974 -0.542704
46 -0.00183805 -0.834845
2588 -0.116312 -0.453325
2587 0.132713 -0.545182
1282 0.265371 -0.35368
766 0.373065 -1.15942
635 0.394855 -0.867253
737 0.360781 -0.653969
375 0.202807 -1.01103
1670 0.349861 -0.786791
1302 -0.0726071 -0.841765
2025 0.16085 -0.815902
871 0.386845 -0.758045
872 0.361779 -0.791123
1145 0.020986 -0.363093
300 0.164546 -0.418836
77 -0.00563777 -0.899428
2930 -0.123358 -0.575878
959 0.0439786 -0.93982
395 0.164675 -0.774477
394 -0.0260241 -0.813663
2139 -0.15657 -0.668222
2143 -0.0110129 -0.779074
1520 0.0892173 -0.241832
744 -0.00760381 -0.664558
2675 -0.131659 -0.595566
791 0.29433 -0.369186
571 0.245851 -0.971071
3191 -0.0436735 -0.418781
3335 -0.136516 -0.430636
1690 -0.140655 -0.451871
1030 0.210635 -0.561209
3033 0.234921 -0.548398
2729 0.0529473 -0.447792
2910 -0.0302598 -0.291798
1091 0.186731 -0.662281
1057 -0.15519 -0.502745
141 -0.03425 -1.24737
1560 0.273685 -0.614888
1946 0.154719 -0.524321
2332 0.318887 -0.353986
2462 0.274101 -0.455936
3505 0.00784259 -0.499489
1507 0.324335 -0.86671
1780 0.089308 -0.486421
2006 0.255184 -0.744507
3194 -0.0974601 -0.390741
1346 -0.00629975 -0.735319
3206 0.220289 -0.227977
1288 0.0482214 -0.612283
2311 0.205601 -0.304723
1640 0.286546 -0.696163
660 -0.0733622 -0.559872
997 0.108854 -0.443967
1456 0.0811441 -0.675322
1871 0.357414 -0.978364
2511 0.185723 -0.663239
952 0.192317 -0.736237
221 0.171746 -0.509027
220 0.181771 -0.993631
225 0.295715 -0.771728
2412 0.0976388 -0.367537
2210 -0.122983 -0.696435
1783 -0.0449285 -0.577016
1730 0.149282 -0.673241
2560 0.313725 -0.804407
283 0.307954 -0.631623
66 0.199125 -0.752727
1220 0.172315 -0.323511
1136 0.305138 -0.344887
610 0.104018 -0.557429
619 0.0953295 -0.601748
1562 -0.0568998 -0.617636
1563 0.291206 -0.799586
1984 0.2189 -0.460955
2754 0.144073 -0.361254
2945 0.147354 -0.940591
2132 0.21039 -0.734354
3212 0.198311 -0.889506
3213 0.350819 -0.792536
3350 0.302502 -0.455497
1681 0.226828 -0.686599
1600 0.00056572 -0.709626
1601 0.329002 -1.08364
2680 0.000155549 -0.642589
1997 -0.0431951 -0.768777
1009 0.0568533 -0.635265
1008 0.415773 -0.951086
2398 0.117276 -0.365926
831 0.205502 -0.696695
902 0.249325 -0.650873
1686 0.350257 -0.601599
1800 0.26197 -0.706553
2977 0.111576 -0.365612
128 0.185138 -1.10206
3087 -0.0237532 -0.589496
1929 0.0691714 -0.541158
1687 -0.0996306 -0.647647
1360 -0.0233663 -1.0293
3258 0.283761 -0.847164
138 0.324755 -0.902116
3482 -0.0405602 -0.433502
168 0.249961 -0.724438
2342 0.220637 -0.249377
1250 0.0554471 -0.890755
2893 0.108931 -0.276802
1886 0.272986 -0.874018
2899 -0.178457 -0.446563
1124 0.0712133 -0.552415
877 0.133104 -0.792674
2605 0.025723 -0.174134
2085 -0.111042 -0.483133
172 0.00993214 -0.752332
2552 0.176544 -0.362798
1173 0.20553 -0.441101
976 -0.159779 -0.69645
854 0.0881351 -0.64251
2500 0.268103 -0.33157
3423 0.242122 -0.896102
3422 -0.0304559 -0.931689
620 0.283687 -0.708904
2938 0.139732 -0.881304
2107 0.25767 -0.801858
1697 0.0510942 -0.54879
1803 -0.0961495 -0.520629
3461 0.311061 -0.378886
85 -0.050673 -0.731439
84 0.177358 -0.824022
1664 -0.0308228 -0.663829
3239 -0.0133652 -0.546393
2461 -0.0342268 -0.388594
2345 0.184432 -0.368658
435 -0.0887867 -0.432301
424 0.178048 -0.441899
2133 0.351008 -0.770716
1106 0.00160192 -0.614551
1401 0.0743145 -1.63807
1475 -0.0532573 -0.864988
1474 0.311949 -0.807253
1013 0.155763 -0.733574
1012 0.163883 -0.676021
2410 -0.158715 -0.328272
90 0.238172 -0.596613
905 0.162631 -0.641631
906 0.120451 -0.427068
2869 -0.015637 -0.40053
887 0.279232 -0.274485
888 0.372339 -0.676729
2830 -0.171888 -0.396817
2886 -0.147642 -0.387954
1368 0.397888 -0.700003
2343 0.0676873 -0.430983
2997 0.12893 -0.474997
1537 0.344418 -0.817772
1538 0.16087 -0.953999
152 0.170194 -0.632593
213 0.127955 -0.705665
1511 0.0700803 -0.876128
3006 -0.135831 -0.326787
2762 0.289393 -0.403584
932 0.0483196 -0.615472
3446 0.260086 -0.33964
1880 0.102484 -0.489766
2203 0.352852 -0.326196
1445 0.0751719 -0.824386
2876 0.275913 -0.285446
2891 0.25857 -0.495474
494 0.164763 -0.400491
370 0.264466 -1.05871
440 -0.0820451 -1.01268
809 0.220345 -0.595572
798 0.250296 -0.753569
994 0.180557 -0.733472
1154 0.235453 -0.720583
1561 0.12507 -0.715155
2161 0.0189915 -0.585985
1271 0.0841101 -0.497494
3175 0.0384399 -0.465738
2705 -0.0419488 -0.492207
2128 0.0631169 -0.699454
767 -0.0493938 -0.601437
1469 0.296937 -0.757655
927 0.117238 -0.505306
1680 0.257778 -0.538725
1726 0.250446 -0.304807
1661 -0.05164 -0.558515
3337 -0.107921 -0.360433
3031 0.226547 -0.794733
3030 -0.0810182 -0.895387
3200 0.256342 -0.39786
1160 -0.0536401 -0.418453
312 0.329411 -0.730736
1443 -0.153178 -0.381964
359 0.281516 -0.98555
1935 0.359344 -0.332873
52 0.22073 -0.813798
3274 0.0480046 -0.528063
3304 0.17089 -0.402659
1695 0.309159 -0.609194
1812 -0.107268 -0.383729
3185 0.22242 -0.701959
2415 0.387338 -0.747695
2387 0.0495046 -0.720614
827 0.278694 -0.449994
1170 0.186994 -0.812866
662 0.195014 -0.689359
1965 0.342732 -0.33263
59 0.238919 -0.907906
1042 0.256332 -0.80601
1044 0.318267 -0.664981
1634 0.107467 -0.597354
512 0.274755 -0.364322
1856 0.397394 -0.845523
1992 -0.0374685 -0.749869
45 -0.0715887 -0.517708
1917 -0.0320601 -0.6815
548 0.121142 -0.531166
3270 0.312746 -0.279114
2624 0.117839 -0.264104
385 0.338897 -0.881468
1931 0.013947 -0.299155
2294 0.0751106 -0.28689
292 0.341172 -0.779792
2789 0.0903634 -0.809861
1844 0.276934 -0.704656
40 -0.0287134 -0.997815
1532 -0.0551642 -0.538712
1530 0.233332 -0.702715
2466 -0.0150155 -0.459612
3431 0.0923629 -0.525185
3441 -0.0291239 -0.278839
317 0.129225 -0.583053
1266 0.148578 -0.623971
2849 0.20901 -0.407316
650 0.263191 -0.701377
2042 0.0329196 -0.421886
2036 0.101318 -0.558324
3058 0.129264 -0.307165
1247 -0.104041 -0.517905
3002 0.0313879 -0.57035
3148 0.187467 -0.479599
784 0.241588 -0.641997
862 0.00102892 -0.637677
1547 0.109526 -0.750175
3098 0.024889 -0.450008
1850 0.0850873 -0.841727
2596 -0.0346466 -0.665383
1757 0.194639 -0.411017
2589 0.283074 -0.451349
2515 -0.059999 -0.835406
2514 0.186679 -0.865198
3019 0.334144 -0.510728
711 0.026242 -0.923109
957 0.277402 -0.382882
740 0.314494 -0.716695
741 -0.0458186 -0.808039
3369 0.0619009 -0.299229
1976 -0.0453598 -0.642448
186 0.259777 -0.460722
2228 0.357006 -0.437895
3278 0.266443 -0.368915
1103 0.228441 -0.357714
1158 -0.0583058 -0.457342
851 -0.101955 -0.730606
431 0.354381 -0.849208
1362 0.290822 -0.506934
625 0.00639271 -0.836336
1406 0.125418 -0.475313
2843 0.0540823 -0.409995
1185 0.00485689 -0.407977
2068 -0.0467937 -0.474387
2088 0.0981382 -0.671989
1141 0.200376 -0.352332
1108 0.0379872 -0.488971
3478 0.0576817 -0.227771
2716 0.0476858 -0.623448
2937 -0.0272543 -0.576122
2872 -0.127272 -0.765851
14 0.112516 -0.844434
3489 0.168466 -0.895825
2931 0.12068 -0.368213
2867 0.282881 -0.252548
3089 0.230694 -0.56831
2390 0.326656 -1.36189
389 0.00781417 -0.532297
303 0.157992 -0.556794
3458 0.142197 -0.471752
32 -0.10324 -0.765199
1679 0.0925164 -0.415088
4 -0.0358551 -0.716616
410 0.31027 -0.986667
9 -0.00493025 -0.832433
258 0.250332 -0.833334
3437 0.0576379 -0.423872
1796 0.00618357 -0.467057
1751 -0.0629426 -0.427448
1889 0.11281 -0.616341
2766 0.196679 -0.773921
2767 0.0545043 -0.861097
2520 0.19691 -0.385095
2521 0.161286 -0.594979
2449 0.338562 -0.832182
2476 0.243417 -0.366892
1175 0.177154 -0.400805
1153 0.208668 -0.655476
2127 0.0335073 -0.455013
1823 0.381822 -1.036
3169 0.0246307 -0.427336
1986 0.343622 -0.406841
48 0.306823 -0.676366
1015 -0.0531894 -0.893743
2490 0.108709 -0.285356
2367 0.167593 -0.375463
2425 0.0586966 -0.453794
2437 0.0662001 -0.674599
104 -0.0356656 -0.932986
919 0.35968 -0.700435
188 0.0910304 -0.651607
651 0.204773 -0.643891
2714 -0.0634722 -0.575536
1502 0.151108 -0.800779
986 -0.038918 -0.671184
191 0.0197763 -1.08069
2842 -0.135687 -0.472332
1025 0.364213 -1.2323
511 0.0723986 -0.689815
28 -0.0980292 -0.714942
2201 0.095274 -0.546326
2223 0.215202 -0.487751
2741 0.0260596 -0.33712
2711 0.235306 -0.554216
3298 -0.124687 -0.464541
1072 0.4237 -0.869521
3150 0.251063 -0.4208
1364 0.278094 -0.893686
870 0.286686 -0.73122
1628 0.100667 -0.643414
335 0.321333 -0.675412
1281 -0.117568 -0.53117
207 0.431798 -0.94416
1568 -0.0543966 -0.333539
1465 0.0154549 -0.806873
457 0.0729257 -0.916386
2556 0.0863897 -0.65052
2746 0.144527 -0.469631
1566 -0.0790527 -0.593454
2263 -0.110853 -0.471229
3404 -0.00464151 -0.412422
3402 -0.0419395 -0.408174
3387 0.310291 -0.461269
3338 0.192915 -0.372701
975 0.149472 -0.499607
2964 0.253345 -0.289294
1252 0.30221 -0.883218
1400 0.0438329 -1.01544
2370 0.3058 -0.362724
2428 -0.149984 -0.507418
1094 -0.0325223 -0.476406
2070 -0.121877 -0.750183
2087 0.220997 -0.607188
2384 0.0304481 -0.27756
729 0.0231265 -0.642385
15 0.262241 -0.907531
2992 0.0586885 -0.273861
17 0.221845 -0.452361
467 0.376745 -0.661512
3139 0.28969 -0.434254
2598 0.0490748 -0.558738
2834 0.217055 -0.268487
633 0.219275 -0.811813
160 0.237644 -0.692467
993 0.182696 -0.683881
992 0.374318 -1.00219
2028 -0.00801413 -0.572265
82 0.373618 -0.637124
2257 0.239814 -0.460249
3296 0.241611 -0.416748
3008 -0.058053 -0.305215
3149 0.22397 -0.567904
1273 -0.0121138 -0.612612
2717 -0.118296 -0.645672
2821 0.234963 -0.587848
3471 0.107461 -0.403893
1975 0.115859 -0.365241
1621 0.269782 -0.732047
657 0.148844 -1.09742
1429 0.190842 -0.634465
847 0.181005 -0.935127
3091 -0.0127621 -0.398155
3485 -0.0830284 -0.30262
3397 0.148273 -0.438262
25 0.13607 -0.873893
2807 0.0727427 -0.801811
1626 -0.0659613 -0.86164
1740 0.386635 -0.817697
1413 0.257285 -0.623993
2984 -0.0415198 -0.657377
938 9.06166e-05 -0.519785
1064 0.378594 -0.568467
2191 0.161985 -0.415298
2100 -0.118409 -0.603006
2769 0.148886 -1.08188
1169 0.152464 -0.591365
770 0.0874612 -0.364777
73 0.0301709 -0.74668
406 0.11293 -0.815556
397 0.188619 -0.835346
674 -0.0416685 -0.635955
2952 0.274339 -0.549446
1340 0.293636 -0.82885
3497 0.19544 -0.578894
2183 0.0324635 -0.843386
2181 0.320005 -0.781283
3391 -0.0149077 -0.46773
2568 0.0513633 -0.710101
3445 0.0416926 -0.301416
3283 -0.0165838 -0.42794
3167 -0.117089 -0.437792
1724 -0.0172346 -0.7131
1825 -0.0660269 -0.83737
3253 -0.0117681 -0.651878
1504 0.148286 -0.457631
267 0.0691224 -0.827266
429 0.169787 -1.04316
1587 0.323837 -0.869021
1319 -0.00763792 -0.560033
2901 0.192854 -0.364216
2881 0.155227 -0.215575
3132 0.264466 -0.591652
2758 0.195494 -1.05011
2439 0.0323134 -0.452934
2318 0.224447 -0.67051
333 0.133218 -0.787149
1383 0.0901729 -0.514331
1195 -0.067832 -0.434071
2551 -0.138212 -0.661406
2575 0.187951 -0.506002
1840 0.190986 -0.689156
1738 -0.0222384 -0.731085
2039 -0.0492803 -0.526555
1808 0.201064 -0.45166
145 0.103948 -0.772537
768 0.271286 -0.513205
1189 0.246064 -0.579235
578 0.306375 -0.470376
2921 0.103302 -0.608954
19 0.217061 -0.603463
325 0.342037 -0.675974
320 0.422256 -1.39791
1249 -0.048272 -0.706909
2235 0.121847 -0.468705
2340 0.127702 -0.369098
1859 0.357344 -0.56786
2417 0.109273 -0.430646
3362 0.191647 -0.287017
1641 0.0019146 -0.594813
948 0.111174 -0.543263
824 0.422949 -0.93937
2512 -0.122419 -0.631576
897 0.237975 -0.403679
181 0.221085 -1.07114
3241 0.252142 -0.436041
3246 0.133994 -0.492778
12 0.281881 -0.886135
379 0.191468 -0.680475
561 0.431496 -0.776328
1357 0.248814 -0.775202
1788 -0.0491174 -0.517378
1023 0.176378 -0.626419
774 0.0412701 -0.306422
465 0.120643 -0.650099
1801 -0.0926401 -0.473997
1906 0.0503323 -0.338664
852 0.0590191 -0.899757
3433 0.0493622 -0.367232
3219 -0.0954084 -0.462913
1818 -0.0510195 -0.329424
1515 -0.0330254 -0.621867
1872 0.168362 -1.04333
2091 0.184581 -1.10029
2679 -0.12528 -0.426707
2963 0.295614 -0.38471
26 0.092314 -0.804855
794 -0.05264 -0.424564
814 0.227533 -0.342003
1399 0.176993 -0.637621
454 0.133191 -0.883985
455 0.151469 -0.856688
1045 0.107172 -0.847181
563 0.0476779 -0.95406
2254 0.189681 -0.416296
2382 0.10213 -0.590793
2757 0.0300113 -0.36629
1155 -0.0322999 -0.656471
2508 0.0291495 -0.799091
2507 0.207921 -0.780676
158 0.325183 -1.00601
698 0.305452 -0.756438
296 0.0446418 -0.887944
294 0.156849 -0.661464
2279 0.0673632 -0.473494
3155 0.347835 -0.34275
1685 -0.0865249 -0.495652
2863 -0.226049 -0.419132
720 -0.0743499 -0.539551
1248 0.13837 -0.808125
1448 0.014214 -0.53714
1128 -0.163437 -0.664287
1598 0.351635 -0.827433
2013 0.352032 -0.949164
2293 -0.00244236 -0.438326
20 -0.0475643 -0.67422
3232 -0.0688976 -0.60323
265 0.0806357 -0.824027
1384 0.23568 -0.863206
2442 -0.0657114 -0.377212
1552 0.234549 -0.575548
973 0.288606 -0.423889
1940 -0.0725306 -0.719257
1723 0.339293 -0.472196
2623 -0.17698 -0.345955
3442 0.127006 -0.481106
2356 0.00221887 -0.807436
899 0.121475 -0.477057
898 0.261455 -0.79472
1219 0.23409 -0.359362
1176 0.174739 -0.566967
362 0.23324 -0.733975
363 0.0836672 -0.936065
2540 0.31967 -0.347831
1571 0.14536 -0.672919
1046 0.416942 -1.05373
1278 0.236579 -0.467071
1629 0.00980446 -0.48805
843 0.132466 -0.777269
1625 0.275023 -0.333178
3371 0.214684 -0.355428
1570 0.0904111 -0.356792
3043 -0.176757 -0.335107
2241 -0.124998 -0.520267
2225 -0.0364718 -0.380018
1795 0.365144 -0.916566
1806 0.071032 -0.473786
2727 -0.118376 -0.673305
1736 0.206962 -0.767283
1735 0.328523 -0.734848
1294 0.182173 -0.547494
247 0.189879 -0.382149
1321 0.297993 -0.739209
818 0.0470414 -0.707299
2061 -0.0801367 -0.32882
819 0.0232314 -0.560471
2058 0.104572 -0.416918
2683 0.355366 -0.494132
645 0.231572 -1.02229
2919 0.0576754 -0.627252
3272 -0.0431281 -0.360998
1280 0.316755 -0.634921
1907 -0.15254 -0.336524
314 0.0401067 -0.463271
1148 0.322423 -0.776924
3347 0.0106168 -0.949198
2252 0.0207297 -0.471891
2396 -0.0584196 -0.593417
2934 0.309194 -0.502953
1337 0.164596 -0.985076
1853 0.282188 -0.656118
2145 -0.0303536 -0.399055
248 -0.0515574 -0.821172
2032 0.220417 -0.600925
3248 0.199352 -0.594272
204 0.192016 -0.679339
478 0.302988 -0.859617
1131 0.224188 -0.41221
2850 -0.042773 -0.441943
2423 0.29221 -0.413425
2227 0.222338 -0.385078
1133 -0.0693034 -0.757473
702 0.203845 -0.39128
61 -0.160879 -0.509299
2464 0.227051 -0.417211
1887 0.330425 -0.560915
2167 0.161797 -0.389399
1883 0.00739844 -0.281762
3042 0.0556961 -0.452396
1221 0.0881892 -0.94583
3492 0.106839 -0.915192
3493 0.189864 -0.905407
2799 0.0859716 -0.395848
3011 0.137991 -0.39539
3459 0.111013 -0.399771
839 0.157255 -0.818037
838 0.248374 -0.682978
673 0.175188 -0.886591
2550 -0.0756422 -0.342306
2980 0.163506 -0.583234
2873 -0.0347284 -0.334911
828 0.1754 -0.63175
3463 0.11552 -0.273415
3092 0.156211 -0.548805
864 0.0198128 -0.699474
2463 0.0532403 -0.557399
2364 0.350446 -0.538427
2572 0.33473 -0.649905
1639 0.221577 -0.725691
757 0.308939 -0.349227
2958 0.123065 -0.465971
663 -0.100493 -0.603261
2121 -0.0643923 -0.415847
2308 0.161759 -0.295364
2722 -0.1471 -0.537149
601 0.27769 -0.642364
1312 -0.0623708 -0.532877
1950 0.137753 -0.569232
3273 0.163396 -0.627411
3106 0.118784 -0.583327
1960 0.0971491 -0.424385
2738 -0.136385 -0.406745
2405 -0.0128975 -0.47274
2021 0.313681 -0.512476
2436 0.00332714 -0.513545
1238 0.0142167 -0.7971
1180 -0.000398497 -0.770659
215 0.272872 -0.828216
2008 -0.082049 -0.751411
367 -0.0766944 -1.07308
769 0.00880175 -0.346862
2991 0.309408 -0.474086
2468 -0.125122 -0.399479
1071 0.0226644 -0.691741
829 0.0482696 -0.754506
1417 0.262812 -1.22973
1524 -0.049833 -0.584528
2987 -0.00733724 -0.365255
553 -0.0743368 -0.563354
409 0.126883 -0.997622
2114 0.0374494 -0.464866
629 0.207734 -0.557146
1444 -0.00970187 -0.600916
3196 0.140964 -0.779727
722 0.230229 -0.591747
2666 0.338969 -0.669607
2665 0.0240338 -0.9533
2669 0.361247 -0.618321
3037 0.105014 -0.425817
2103 0.00959156 -0.500486
115 -0.0104029 -0.8195
587 0.0746468 -0.904809
2452 0.00252568 -0.470598
983 0.146123 -0.499851
2110 -0.0660251 -0.688295
807 0.28139 -0.581108
2403 0.195832 -0.405094
2335 0.149937 -0.708511
1870 0.294159 -0.643378
306 0.166636 -0.582821
732 0.108465 -0.784965
3021 -0.130708 -0.282586
474 0.286322 -0.916331
2304 0.188034 -0.522741
2773 -0.124157 -0.692949
2595 0.294105 -0.431965
738 0.306308 -0.783469
735 0.218441 -0.800571
1421 -0.0795582 -0.657233
1689 0.241533 -0.81852
2323 0.220331 -0.398352
3317 0.207261 -0.416051
3095 -0.0372361 -0.603883
2325 -0.0110592 -0.625926
2358 -0.0337966 -0.682991
3165 0.281231 -0.397934
3379 -0.126732 -0.570444
1434 0.295118 -0.777845
1105 -0.0778176 -0.561478
1285 0.237506 -0.73342
1286 0.0207512 -1.12705
1453 -0.103181 -0.802997
1582 -0.123233 -0.593826
49 0.156178 -0.865002
615 0.175135 -0.472842
1501 -0.0237113 -0.742103
2268 0.263789 -0.305661
1110 0.11758 -0.452576
2352 0.295881 -0.400051
2424 0.312195 -0.499174
944 0.323732 -0.601644
725 0.0466613 -0.739722
2245 0.141371 -0.602345
142 0.357597 -0.876451
2115 0.242603 -0.59768
2175 0.313972 -0.874776
2784 0.327679 -1.01879
3068 -0.108314 -0.805265
1518 -0.0193614 -0.65213
2076 -0.115434 -0.373929
2158 -0.111759 -0.606148
1693 -0.0747014 -0.627966
2522 0.224149 -0.498039
2608 0.0615912 -0.263604
668 0.114 -0.591837
139 0.212236 -0.740974
2373 0.148282 -0.370917
74 0.355713 -0.850335
1928 0.332528 -0.323917
1365 -0.0789459 -0.766649
1366 0.335579 -0.583525
2078 0.276273 -0.547297
2896 0.0611658 -0.344437
2065 -0.0460465 -0.569427
2267 -0.0135439 -0.463181
2795 0.162467 -0.650086
2189 -0.0885067 -0.308558
86 0.17222 -0.692144
377 0.190858 -0.599873
1894 0.183666 -0.569616
67 0.0695749 -0.782493
2845 -0.0910696 -0.56678
3295 0.136643 -0.490923
3047 0.287935 -0.235487
3075 -0.168555 -0.50587
2831 0.180562 -0.363813
2402 0.0264183 -0.483902
2470 -0.00148444 -0.389809
426 0.193219 -0.249827
1789 -0.0620494 -0.423909
1179 0.210924 -0.438673
2827 -0.0197211 -0.6323
1389 0.0749521 -0.588819
3023 0.312027 -0.450754
1490 -0.0556161 -0.522524
1088 0.338763 -0.70369
368 0.163336 -0.424552
708 0.0361649 -0.502175
438 0.309304 -0.944268
307 -0.0611723 -0.689657
667 0.207599 -0.795879
3158 0.0888 -0.561841
1961 0.182621 -0.45215
916 -0.0050178 -0.492185
2056 0.200959 -0.360064
2579 0.348879 -0.935504
3432 0.16551 -0.378175
3473 -0.0288958 -0.559356
1766 0.0603082 -0.337098
3157 0.156543 -0.228936
2002 0.0285726 -0.717884
1758 0.171689 -0.509233
2621 0.00265817 -0.339402
1393 0.0845297 -0.656041
1499 0.0988792 -1.27099
3236 0.0562695 -0.436468
1119 0.140158 -0.709167
3452 0.180898 -0.343093
3053 0.25945 -0.484666
1787 0.12615 -0.394165
2168 0.258886 -0.347945
2207 0.326009 -0.301693
1709 -0.0152853 -0.606399
832 -0.000260736 -0.32117
2681 0.296648 -0.850288
1649 -0.0364793 -0.359318
2481 0.147592 -0.42888
2497 0.251586 -0.483659
2586 -0.0358003 -0.5464
1228 0.148174 -0.590968
1982 0.0995743 -0.560466
1489 0.0239699 -0.748989
2495 0.233506 -0.784676
2212 0.0540022 -0.459188
1309 0.148948 -0.612024
643 0.0973133 -0.878304
2941 0.102937 -0.609235
803 0.285333 -0.717297
535 0.0719209 -0.776898
1898 0.19579 -0.884697
1047 -0.0215548 -0.787286
423 -0.06456 -0.644663
133 0.234733 -1.29001
1096 0.231682 -0.787789
1988 0.17025 -0.530475
1769 0.35093 -0.711236
447 0.0598888 -0.471054
941 0.117872 -0.680425
3462 0.272871 -0.402782
3470 0.339725 -0.379383
3483 0.268131 -0.425585
3334 0.00619752 -0.201812
2156 0.112496 -0.43185
1149 0.150721 -0.467249
2195 0.316116 -0.413993
2324 0.244225 -0.41206
3070 0.122768 -0.434379
2256 0.0762836 -0.498352
2972 -0.000418113 -0.840831
2971 0.00491492 -0.912218
2868 0.197741 -0.414514
2287 0.203733 -0.333541
3130 0.351236 -0.472465
2504 -0.155755 -0.502425
936 0.0222662 -0.673204
3025 -0.126318 -0.763894
2862 0.14581 -0.491022
1904 0.241849 -0.332394
3368 0.0567593 -0.495658
2779 0.229236 -0.64113
2148 0.0978134 -0.394225
1951 0.0764041 -0.599783
2796 0.146696 -0.3903
345 0.160542 -0.676734
586 0.272849 -0.771374
2112 -0.11947 -0.43784
1847 0.0150257 -0.547721
1842 -0.0126204 -0.66315
1971 0.264816 -0.614145
3265 0.111215 -0.737197
1559 -0.154924 -0.575462
30 0.0919766 -0.834958
1034 0.316969 -0.753497
341 -0.0720696 -0.798446
1397 8.19705e-05 -0.749895
3029 0.111621 -0.781724
407 0.0601466 -0.785432
2080 0.021209 -0.946888
2381 0.11911 -0.435271
2269 0.124273 -0.494291
1231 0.199689 -0.817465
761 0.289008 -0.349
2630 0.178341 -0.255771
3454 0.268583 -0.386384
638 0.0789692 -0.574773
1816 0.112596 -0.455195
2749 -0.0790886 -0.509854
2561 0.23069 -0.835069
2562 0.185047 -0.892254
822 0.134842 -0.728111
788 -0.0549906 -0.361241
2532 0.179183 -0.653268
2222 0.292855 -0.454765
2513 0.216423 -0.498952
1353 0.291476 -0.583818
3487 0.174179 -0.393535
2734 -0.0631126 -0.515547
1855 0.253085 -0.370329
883 0.239843 -0.840909
1306 0.175698 -0.49865
786 -0.100408 -0.489322
2599 0.0745958 -0.418775
686 0.335327 -0.525197
1972 0.184408 -0.489974
1528 0.0273945 -0.897785
3237 0.323354 -0.255252
2829 0.163266 -0.336785
736 0.14788 -1.10746
1543 0.159407 -0.63777
2655 0.0778731 -0.847672
2431 0.0660447 -0.42537
3184 0.236536 -0.721734
1756 -0.101789 -0.487767
3293 0.0497919 -0.386345
1998 -0.110417 -0.551328
1466 0.368315 -0.763467
1467 -0.0795184 -1.04446
1058 0.227477 -0.807095
612 0.129261 -0.580443
823 0.189135 -0.638911
492 -0.087359 -0.790564
2236 0.00611371 -0.523929
2266 -0.0734262 -0.472599
1815 0.315366 -0.201785
1804 0.264948 -0.525878
2613 0.155032 -0.294531
2884 -0.0762652 -0.433166
3417 0.00913026 -0.636198
88 0.336214 -0.725639
1066 0.335133 -0.872252
1067 0.260015 -0.813459
554 0.256723 -0.422184
2851 0.155524 -0.368009
640 -0.0232515 -0.918865
1415 -0.0633616 -0.386768
3284 0.253311 -0.788711
236 -0.0471253 -0.782757
1990 0.150143 -0.607891
3211 -0.0497417 -0.361717
835 0.13063 -0.642299
701 0.299741 -0.729944
1329 0.233443 -0.400834
1450 0.0371389 -0.480368
1460 -0.0600299 -0.780974
1675 0.22981 -0.854365
649 -0.077149 -0.857788
2691 0.232569 -0.86244
2690 -0.0119372 -0.833218
1526 0.0816772 -0.46949
1752 -0.0721803 -0.417891
782 0.0220395 -0.574419
96 0.314173 -0.613163
99 -0.00812877 -0.728063
907 -0.0448099 -0.588485
3416 0.257899 -0.765042
3415 0.113322 -0.934702
2686 -0.127841 -0.355195
477 0.0313663 -1.25292
939 0.315937 -0.50738
931 0.217108 -0.588624
1462 0.0271794 -0.898997
2380 0.147109 -0.529742
2484 -0.04205 -0.454741
1864 -0.0736136 -0.643467
1678 -0.137651 -0.52423
2611 -0.0315509 -0.292734
2689 0.273016 -0.462358
3217 -0.0773855 -0.409419
1268 0.237345 -0.286856
240 0.239377 -0.791577
239 -0.0687383 -0.945662
241 0.0615678 -0.604251
1716 0.133303 -0.610518
1095 0.0309368 -0.240433
706 0.252843 -0.679888
1809 0.0480164 -0.438125
1037 0.277776 -0.649037
1036 -0.0530355 -0.554784
3280 -0.0584601 -0.792463
3308 -0.00165905 -0.539945
787 0.0246706 -0.442651
785 0.0612605 -0.611861
2315 0.166179 -0.558936
3027 -0.0399155 -0.555871
3127 0.0717649 -0.493625
1243 -0.0638514 -0.552025
2974 -0.0699903 -0.370942
1708 0.0946661 -0.664346
2909 0.322228 -0.618975
1187 0.2186 -0.635961
1749 0.123031 -0.220374
108 0.000317503 -0.561501
2728 -0.0571517 -0.338586
3267 -0.0395617 -0.468806
1934 0.132719 -0.643046
1322 0.258044 -0.480389
1418 0.140994 -0.782236
2581 0.00499641 -1.49498
616 0.0598033 -0.687281
2877 0.273904 -0.26787
2233 0.0534984 -0.524094
408 -0.0768402 -0.585135
3412 0.269621 -0.385833
2094 0.252229 -0.733765
2093 0.313594 -0.841366
2951 0.0525703 -0.587745
1591 0.277231 -0.678593
2998 0.242155 -0.225992
1130 -0.154593 -0.472794
1138 -0.0284847 -0.570288
3382 0.0241456 -0.13417
374 0.258633 -0.74025
324 0.396661 -0.66758
1848 0.241054 -0.605684
3170 -0.138616 -0.59535
1463 0.100051 -0.619932
3305 -0.10306 -0.313749
2124 0.192765 -0.349596
485 -0.000945592 -0.524363
2054 -0.0758369 -0.311169
1937 0.00325566 -0.473723
1276 0.179679 -0.852264
3078 -0.111152 -0.524958
3496 0.188838 -0.88937
322 0.198266 -0.495289
3083 -0.0384627 -0.461107
2312 0.260879 -0.500603
1022 0.00870202 -0.465652
3390 0.0858608 -0.519452
1374 0.258332 -0.670447
2155 0.345517 -0.529564
967 0.366023 -0.798246
1554 0.260438 -0.341069
1206 -0.0246043 -0.445799
1218 -0.110599 -0.369313
648 0.318618 -0.397735
1978 -0.0452168 -0.468754
2969 0.0336374 -0.962717
2198 0.310498 -0.461709
2213 0.224988 -0.317584
3504 0.0779337 -0.425959
1028 0.236536 -0.52394
2878 0.18072 -0.44872
2848 0.186773 -0.350233
2044 0.236636 -0.484565
2333 0.300598 -0.412373
1658 0.299273 -0.511962
525 -0.0707852 -0.664915
10 0.14396 -0.75885
895 0.235817 -0.75362
3374 0.0873906 -0.521265
1773 -0.11573 -0.476462
1874 -0.116738 -0.541852
1301 0.315809 -0.80746
2667 0.260037 -0.819394
930 0.383326 -0.61723
2421 0.230446 -0.585085
631 0.14826 -0.760768
2836 -0.0241345 -0.562771
3474 0.140129 -0.434475
2486 0.0325794 -0.546525
2455 -0.056262 -0.381074
518 0.174179 -0.681806
1431 0.314775 -0.743572
2643 0.183088 -0.702154
1000 0.0364379 -0.477956
2645 -0.0526826 -0.349771
2706 0.426719 -0.803613
2700 0.324984 -0.845707
452 0.0827774 -0.71646
2265 0.205902 -0.42813
2363 0.054388 -0.461723
2229 0.247937 -0.429096
3502 0.311823 -0.303568
1760 0.17049 -0.331113
2629 0.0990349 -0.213004
3381 -0.0252627 -0.519524
135 0.180309 -0.943222
523 0.137328 -0.56897
1923 0.123964 -0.663262
3190 0.16076 -0.692821
1957 0.102256 -0.469765
2498 -0.0488194 -0.400362
588 0.043782 -0.367839
1885 -0.002047 -0.716709
1884 0.103851 -0.797083
1529 -0.118878 -0.477082
763 0.0794381 -0.558592
281 0.138428 -0.408557
2656 0.194214 -0.486011
1633 0.0356762 -0.724951
2803 0.0696228 -0.315474
1910 0.135167 -0.367348
1354 -0.0807096 -0.74837
2591 0.269519 -0.773572
1945 -0.0691164 -0.58162
1939 -0.0116305 -0.489952
75 -0.0819155 -0.617246
3105 0.235143 -0.150466
3499 0.090168 -0.527458
1545 0.0442725 -0.69544
1536 -0.0695795 -0.647905
3186 -0.0913696 -0.553394
3065 0.357345 -0.919835
3187 -0.0763656 -0.704476
150 0.0650401 -0.907216
2695 -0.0895634 -0.554837
1665 0.32004 -0.550477
1836 -0.0743345 -0.973222
1335 -0.0685663 -0.666735
2314 0.00179044 -0.400432
2447 -0.0421583 -0.537976
1244 0.0477072 -1.09047
1295 0.180722 -0.926465
693 0.163227 -0.627416
35 0.0790807 -0.863904
2730 -0.149914 -0.67587
245 0.0749734 -0.847323
1567 0.234104 -0.660095
2781 0.0348361 -0.74141
1409 0.117183 -0.904765
2246 0.221844 -0.447661
2445 0.108034 -0.450463
226 0.0313201 -0.66143
2824 0.299156 -0.429764
2874 -0.103611 -0.539274
2882 0.00357571 -0.371229
2251 0.248168 -0.440524
1643 -0.137779 -0.689917
1839 0.146414 -0.840266
3500 0.300482 -0.437626
3195 0.209492 -0.452484
1533 0.0801258 -0.340962
844 0.436787 -1.01652
690 0.0684309 -0.938401
2475 -0.0204907 -0.545511
3290 -0.0182412 -0.336747
366 0.123526 -0.902644
496 0.0323608 -0.546228
2188 -0.0433226 -0.308722
352 -0.0501216 -0.840078
2295 -0.0245811 -0.458382
2355 0.190053 -0.383348
2585 0.324257 -0.764235
684 0.266491 -0.539353
415 0.0794533 -0.547693
2632 0.274532 -0.17104
2135 -0.103507 -0.606958
1551 -0.0831699 -0.77321
2942 0.255427 -0.779779
2157 0.332362 -0.64302
3103 0.101853 -0.459187
1146 0.167818 -0.499397
2678 0.284168 -0.572035
692 0.259145 -0.900319
1588 -0.0184451 -0.770507
2725 -0.144523 -0.529482
2668 0.032612 -0.808409
2351 -0.054397 -0.444785
290 -0.00679532 -0.907724
1403 0.156028 -0.554046
2889 -0.0893546 -0.601132
881 0.0858995 -0.795793
2438 -0.0725139 -0.681443
2933 0.180754 -0.340245
3330 0.112807 -0.324902
3313 0.0571478 -0.81383
3342 0.0765905 -0.794044
3312 0.176453 -0.777496
826 0.227045 -0.729821
878 -0.0432058 -0.53659
1805 0.0310644 -0.350783
1420 0.307092 -0.646367
2202 0.269903 -0.394729
1492 0.253522 -0.819909
3081 -0.150988 -0.319099
2544 -0.142578 -0.513641
3325 -0.0805858 -0.657098
1817 0.320928 -0.977964
1320 0.186482 -0.36608
688 -0.0558471 -0.745298
3131 0.348363 -0.666839
2073 0.0231639 -0.327593
301 0.308272 -0.8535
1638 0.20509 -0.623406
1127 0.143758 -0.508726
848 0.280877 -0.817637
1253 0.0407334 -0.777808
3406 -0.00625173 -0.433161
3399 0.0951075 -0.373188
581 0.21381 -0.76702
1325 0.243042 -0.902533
582 0.0986864 -0.910505
3405 0.0980706 -0.418336
3383 -0.100948 -0.357829
758 0.172958 -0.624431
1395 0.229019 -0.455188
1933 0.00437382 -0.345633
174 0.0378565 -0.662172
2130 0.317278 -0.42056
585 -0.0763213 -0.623044
1902 0.0226797 -0.838063
1603 0.28263 -0.780983
1602 -0.077758 -0.504815
1348 -0.00172727 -0.577922
387 0.356252 -0.749856
262 0.0374972 -0.946603
3363 0.365103 -0.791273
2772 0.224924 -0.523686
227 0.0594736 -0.928778
224 0.0351106 -0.597618
2247 0.329229 -0.503759
2875 -0.0335975 -0.377331
1224 0.0955798 -0.673418
1899 -0.0648908 -0.506761
1062 0.101035 -0.662567
544 0.0802191 -0.944741
778 0.284136 -0.185743
806 0.0130912 -0.502102
1451 0.322687 -0.376549
2179 -0.0840089 -0.631747
2723 -0.108601 -0.491626
2870 -0.0929731 -0.524957
27 0.414762 -0.77146
1827 0.213105 -0.364771
143 -0.0349977 -0.758222
1236 0.335917 -0.859488
647 0.291007 -0.84067
1938 0.287502 -0.315991
558 0.0727601 -0.817648
1289 -0.0327997 -0.660275
2637 -0.200569 -0.245653
2164 -0.0760322 -0.494814
199 0.135908 -0.72296
2671 0.178492 -0.54149
3356 -0.0436659 -0.55178
811 0.360612 -0.59443
2835 0.000852052 -0.368063
924 0.188923 -0.591813
1186 0.23244 -0.374501
2788 0.107682 -0.590078
484 0.078933 -0.926259
3279 0.278974 -0.702798
3057 0.00775773 -0.597157
1585 0.130078 -0.495728
820 -0.00554423 -0.254164
3202 0.282004 -0.736145
1858 0.042895 -0.538576
3466 -0.142692 -0.352908
1862 0.156626 -0.589157
2420 0.0410572 -0.503824
2338 -0.0412399 -0.427689
542 0.0831266 -0.788988
251 0.303859 -0.704597
990 0.0430126 -0.641574
257 0.162471 -0.88248
2298 0.226185 -0.447744
404 0.0170901 -0.549082
1579 -0.041281 -0.783715
433 0.381357 -1.00192
3491 0.126064 -0.815538
2682 -0.111828 -0.765098
1615 0.174376 -0.794723
1386 0.0490774 -0.627322
2117 0.240645 -0.459983
1977 0.00634309 -0.602309
3367 -0.150218 -0.36968
2503 0.00844942 -0.364853
261 0.333296 -0.765437
1190 0.157888 -0.408098
1144 0.156832 -0.701178
2999 0.00498643 -0.723433
2317 0.275959 -0.347133
2407 0.30784 -0.421596
3327 -0.00371923 -0.652966
1595 0.0678847 -0.840008
2192 0.219525 -0.509501
2218 -0.154092 -0.483324
2278 0.0797727 -0.612521
2219 0.280981 -0.414917
3193 0.149746 -0.353418
656 0.0531293 -0.794274
689 0.145348 -0.656726
1620 0.297431 -0.883711
1345 -0.101137 -0.673469
1728 0.0597097 -0.590087
2136 0.195229 -0.891699
3303 0.114058 -0.566881
900 -0.123982 -0.679586
1416 -0.0343629 -0.790979
3310 0.0392298 -0.658767
2653 0.193507 -0.199185
1759 -0.102138 -0.446645
3215 -0.0532873 -0.508765
2023 0.307217 -0.677781
2718 0.125799 -0.334709
2274 0.120172 -0.557323
3143 0.157398 -0.508778
750 0.194227 -0.341457
2334 -0.0275823 -0.529016
1438 0.259112 -0.714145
590 0.260643 -0.914904
1436 -0.0501599 -0.508091
817 0.0737596 -0.483471
3064 -0.0251526 -0.297763
1725 0.0145828 -0.631982
2697 0.173749 -0.386346
3177 0.199365 -0.286733
3126 0.125619 -0.838643
805 -0.0979516 -0.426925
752 0.119508 -0.566655
507 0.245738 -0.594559
508 0.00852868 -0.593361
780 0.220688 -0.641508
1222 -0.0827603 -0.511563
2747 0.205967 -0.545037
2712 0.123056 -0.305952
1468 -0.0525912 -0.751738
1328 0.210726 -0.51126
1671 0.171738 -0.690547
2911 0.374275 -0.845034
963 0.170114 -0.755317
964 -0.0259444 -0.888529
1619 0.210314 -0.629837
2903 0.199932 -0.343995
2865 -0.106983 -0.355562
868 -0.143405 -0.39445
2733 0.287058 -0.449092
175 0.435612 -0.838223
2814 0.375567 -0.676743
2928 0.330928 -0.416759
734 0.135296 -1.04468
739 -0.0162607 -0.550631
2900 -0.112349 -0.381602
2371 0.15259 -0.262094
358 -0.0492371 -0.709831
403 0.382837 -0.761169
618 -0.0456889 -0.786252
2165 0.210735 -0.506263
3329 0.188998 -0.42225
2499 0.0826323 -0.274246
1139 0.045068 -0.4812
2783 0.148269 -0.610765
2320 0.046139 -0.506318
1074 0.00419114 -0.641244
1964 0.0289296 -0.431904
2890 0.0336044 -0.613919
354 -0.0806854 -0.683143
2129 0.179759 -0.235375
1391 -0.0313924 -0.610125
3256 0.00827176 -0.347389
2478 0.0588828 -0.521522
2041 0.0522175 -0.24903
592 -0.0918595 -0.74621
2299 -0.111013 -0.475516
2541 -0.0935098 -0.481287
751 -0.138749 -0.392256
18 0.302165 -0.678499
1770 0.140891 -0.499516
3351 0.142427 -0.366032
2932 0.0417181 -0.455559
2839 0.0145226 -0.29019
1721 -0.142933 -0.678061
962 0.282866 -0.548984
634 0.3499 -0.522252
3209 0.0667511 -0.692769
1379 0.0941509 -0.65539
903 0.0125013 -0.730754
2880 -0.06629 -0.485793
2339 -0.134441 -0.541502
1869 -0.069963 -0.59886
1336 0.182415 -0.343059
597 0.314892 -0.983904
2946 -0.123511 -0.340406
933 -0.0625817 -0.568712
3093 -0.139251 -0.550295
2740 0.0847496 -0.35074
951 0.198012 -0.565015
1483 -0.086593 -0.702194
1482 0.444707 -0.790768
297 -0.16829 -0.512864
1578 -0.0722587 -0.554055
1599 0.209988 -0.557994
773 0.110988 -0.290816
707 0.32182 -0.665999
534 0.246268 -0.761332
3153 0.13645 -0.528472
2413 0.129302 -0.36712
641 0.254215 -0.324643
2250 -0.0627324 -0.483216
1157 0.0203864 -0.634553
402 0.188496 -0.622978
1799 0.145843 -0.394054
940 0.0988356 -0.48886
755 -0.134999 -0.254869
764 0.164504 -0.480956
2480 0.0101458 -0.379299
2248 0.280678 -0.462167
2726 -0.0168155 -0.582379
753 0.0675324 -0.515675
202 0.224528 -0.714746
3123 0.0598131 -0.515651
2626 0.101172 -0.301812
2197 -0.106446 -0.355639
985 0.0837386 -0.416949
1201 0.124586 -0.424496
1307 -0.141429 -0.426619
3288 -0.0594841 -0.661217
1550 -0.03421 -0.868071
3073 0.0309057 -0.537016
327 -0.0117383 -0.56296
3229 0.094314 -0.504789
1672 0.170275 -0.493898
1454 0.174205 -0.731315
685 0.154494 -0.717009
1792 -0.0934889 -0.347068
3238 0.0502691 -0.464755
1350 -0.0654859 -0.644503
1147 -0.01192 -0.506676
2759 -0.0736821 -0.409197
2489 -0.0519309 -0.532622
719 -0.0828826 -0.432802
2310 0.0469506 -0.395015
1341 0.320914 -0.273608
2009 0.244393 -0.619826
3183 0.0835603 -0.376527
884 0.155085 -0.868931
439 0.341953 -0.729329
3086 0.153868 -0.36072
2732 -0.0701291 -0.581392
1926 0.314707 -0.419852
644 -0.0598167 -0.639455
3440 -0.136612 -0.510177
2854 0.235453 -0.530833
2271 -0.152904 -0.584239
1775 -0.0707959 -0.994712
3014 -0.132564 -0.425554
3032 -0.0773421 -0.660078
2524 -0.0524094 -0.518278
170 -0.0382486 -0.603061
3124 -0.115816 -0.516088
1916 0.344402 -0.479729
3326 0.0922339 -0.435194
2454 -0.108762 -0.564791
3142 0.0613854 -0.666438
479 0.343518 -0.551978
2858 -0.0738776 -0.462434
3501 0.0980476 -0.410066
125 0.122804 -0.911553
2258 0.338513 -0.213973
2494 -0.0474825 -0.346506
2654 0.138152 -0.183775
2434 0.0528421 -0.266406
3036 0.0133662 -0.493134
1081 -0.0945933 -0.617066
2547 0.277157 -0.501438
3455 0.328706 -0.4066
1125 0.206225 -0.481534
3051 0.27598 -0.359502
1980 0.202975 -0.609249
2657 0.039722 -0.610337
2892 0.242516 -0.417741
863 0.312941 -0.350847
1446 0.256318 -0.369879
2089 0.0915236 -0.601895
2973 -0.016307 -0.498496
2043 0.129613 -0.50728
1919 0.193803 -0.71456
642 0.28005 -0.698358
171 0.15526 -0.809198
1768 0.207855 -0.419329
1430 0.0860823 -0.69644
1952 0.115402 -0.912579
3352 -0.0591281 -0.443647
393 0.175142 -0.737469
2140 -0.135536 -0.534511
790 0.126036 -0.459144
808 -0.000488313 -0.615202
1624 0.206325 -0.358767
2948 0.266567 -0.694935
804 0.066581 -0.81104
2012 0.194331 -0.624449
149 0.0281511 -0.755875
3028 -0.126292 -0.587376
441 0.234796 -0.489121
442 0.189866 -0.800882
1331 0.25797 -0.511799
2954 0.17901 -0.826395
2953 0.0348114 -0.939585
846 0.0155226 -0.649408
3001 -0.0135176 -0.775054
2763 -0.0270238 -0.634588
3488 -0.116173 -0.39489
1699 0.0510039 -0.562543
2688 0.107749 -0.573194
118 0.104346 -0.769096
392 0.204525 -0.735866
1684 0.169202 -0.329971
2724 -0.00523758 -0.442947
1790 0.307632 -0.753761
3059 -0.0797573 -0.491857
3050 -0.140822 -0.388374
2035 0.237497 -0.447746
1333 0.0738201 -0.696006
1188 0.295701 -0.36462
1569 0.040672 -0.604808
2205 0.227656 -0.411285
2957 -0.0261773 -0.494137
624 0.0355388 -0.710522
3480 -0.029616 -0.541942
875 0.339781 -0.960187
713 0.349445 -0.974256
3117 0.412328 -0.741988
2644 -0.00587571 -0.357482
2419 0.122596 -0.325043
1277 0.121119 -0.650364
2965 0.234381 -0.423513
1580 0.322345 -0.599059
2270 0.173671 -0.44884
2704 0.0351016 -0.737937
1706 0.0265263 -0.486462
960 0.290259 -0.474257
949 0.320848 -0.464978
1605 0.0708528 -0.559141
3168 -0.128705 -0.428983
1380 -0.0894294 -0.611992
2083 0.272917 -0.530014
2283 0.0411043 -0.42581
3393 0.0367218 -0.411911
448 0.117626 -0.428928
995 0.152486 -0.85568
3173 0.111317 -0.303244
321 0.0660373 -0.794944
3136 0.00336422 -0.486596
323 0.234029 -0.587861
2501 -0.0432282 -0.485701
1632 0.104235 -0.518702
3276 -0.031882 -0.464856
2820 -0.0930589 -0.521584
2837 0.100505 -0.424413
756 0.300663 -0.463508
1135 0.116471 -0.28954
2307 0.0809165 -0.431232
2000 0.00064632 -0.540976
179 0.0230817 -0.376498
2578 0.137132 -0.489682
2752 0.135663 -0.445366
1865 -0.0721622 -0.475335
1032 0.296826 -0.702815
42 0.228907 -0.682566
3009 0.0127529 -0.449645
3245 0.141351 -0.344585
2069 0.27222 -0.243024
2430 0.291153 -0.510646
2125 0.232546 -0.462241
1120 0.164687 -0.641085
980 -0.0202163 -0.986355
2375 0.252907 -0.401787
2432 0.0935845 -0.614045
2677 0.0715601 -0.644895
252 0.287366 -0.512033
2376 0.126811 -0.478014
473 -0.0442889 -0.542123
890 0.136445 -0.595033
2071 0.276624 -0.622322
1442 0.115622 -0.596068
316 0.170077 -0.363848
617 0.334079 -0.669958
399 0.166628 -0.790055
849 0.272812 -0.728591
2639 -0.0152593 -0.299262
3370 -0.0822532 -0.357299
2959 0.308123 -0.579753
2904 0.265209 -0.648219
189 0.155035 -0.624765
1875 -0.0897316 -0.50613
461 0.131222 -0.580076
1771 0.25505 -0.631651
1435 0.312464 -0.551008
3231 0.119646 -0.540147
1669 -0.057919 -0.65201
1063 0.168053 -0.922291
2393 0.117831 -0.488985
2604 -0.0328304 -0.329361
594 0.30818 -0.513191
1326 0.0508983 -0.51191
972 0.187827 -0.492967
3419 -0.0246727 -0.438714
2365 -0.103122 -0.494253
2792 0.0321437 -0.454558
1207 0.0279181 -0.285354
2249 -0.0809715 -0.462293
1167 0.2916 -0.386465
1258 0.153402 -0.573119
1259 0.349742 -1.01615
2473 -0.0467068 -0.559817
432 -0.104633 -0.549131
1715 0.0705695 -0.718511
1966 0.117089 -0.339313
2739 0.243344 -0.653257
989 0.269163 -0.70102
1440 0.116891 -0.531814
2794 -0.0218065 -0.649798
2846 -0.12169 -0.383099
1623 0.249011 -0.541815
471 0.36127 -0.57128
2326 -0.0573693 -0.323236
487 0.0498325 -0.52315
3300 0.00846236 -0.744516
2347 0.306616 -0.41449
3233 0.303813 -0.410071
3010 0.0610356 -0.558834
1217 0.19825 -0.673963
636 0.264832 -0.470407
637 0.140947 -0.838798
276 0.194592 -0.400066
1810 0.0360999 -0.655536
3407 0.256808 -0.409237
545 0.21288 -0.588367
546 0.381712 -0.806357
1772 0.010402 -0.331321
3197 0.235584 -0.518751
3179 0.19706 -0.3673
3204 0.217584 -0.345013
1968 0.230953 -0.774328
3457 0.208147 -0.462863
1944 0.0216889 -0.553807
1517 0.132617 -0.413051
2329 0.00830108 -0.416658
1338 0.184588 -0.589482
3498 -0.00537641 -0.452788
2785 0.0673927 -0.687799
1171 -0.037021 -0.435637
2034 0.0845044 -0.313935
1498 0.323214 -0.465154
961 0.189537 -0.648101
3166 -0.151134 -0.577133
2220 0.0180232 -0.450835
1257 0.267583 -0.776633
1205 0.0798685 -0.402425
2457 0.223225 -0.406603
2566 0.053184 -0.754837
3414 0.101544 -0.812824
1082 0.0347737 -0.979138
1696 -0.0587749 -0.770713
2360 -0.0838249 -0.537966
2923 0.0436906 -0.60199
1546 -0.0450292 -0.407816
2361 0.22667 -0.3344
2096 0.156513 -0.644867
425 -0.00476703 -0.428379
1896 0.0796578 -0.417959
2196 0.0250955 -0.401609
3262 0.107654 -0.463385
55 0.293402 -0.483619
2905 -0.129091 -0.441563
2301 0.185857 -0.490081
2443 0.340906 -0.416989
2813 0.274247 -0.455148
159 0.00565526 -0.9854
3144 0.0365928 -0.53608
2217 0.127446 -0.478816
2177 0.27198 -0.448571
2309 -0.020178 -0.500916
2049 0.102367 -0.548465
3048 0.201419 -0.369454
2327 0.121917 -0.419582
559 0.0709229 -0.653884
3506 0.340277 -0.618635
3307 0.269064 -0.595746
122 -0.0493607 -0.626603
727 0.137833 -0.683755
260 0.0489652 -0.749717
2374 0.019124 -0.502593
1985 -0.0746436 -0.414481
3125 0.0856838 -0.479184
2993 -0.129721 -0.418001
381 0.25019 -0.816899
596 0.0187102 -0.92603
598 0.0541132 -0.824655
1200 0.163725 -0.660377
521 0.1641 -0.577816
2976 0.147316 -0.336311
1089 -0.0772356 -0.524241
2765 0.202055 -0.720323
2057 0.270064 -0.772671
1039 0.102312 -0.830224
400 0.0584705 -0.698108
2649 -0.11722 -0.252426
942 -0.118988 -0.319625
3332 -0.133604 -0.30197
3413 0.0942039 -0.455981
2707 0.182765 -0.708695
591 0.127983 -0.591204
1458 0.334251 -0.819008
1459 0.144919 -0.813553
865 0.247979 -0.671897
3261 0.189204 -0.749674
1021 0.0186942 -0.690059
1911 0.270319 -0.53157
1506 -0.0176641 -0.548954
1126 0.148559 -0.552539
2663 -0.0121048 -0.785967
318 -0.0417423 -0.713945
2545 -0.0470669 -0.769879
607 -0.107235 -0.67145
1924 -0.104206 -0.324563
3403 -0.0731428 -0.523665
3495 0.260855 -0.560241
505 0.0606938 -0.992643
886 -0.0642685 -0.847591
2631 0.17566 -0.214824
3041 -0.168586 -0.323119
2126 0.173604 -0.470742
867 -0.0368116 -0.313963
2708 0.0898794 -0.502598
1014 0.229069 -0.639378
3449 0.104165 -0.47773
1405 0.00258626 -0.497494
2194 0.211736 -0.315152
3201 -0.0298274 -0.416287
1732 0.139324 -0.38835
3151 -0.135881 -0.308382
232 0.202464 -0.620936
2926 0.0602866 -0.798892
1677 0.0669054 -0.564771
1369 0.22137 -0.703737
3484 0.167251 -0.407001
987 0.257369 -0.770547
3424 0.275975 -0.550083
519 0.0104029 -0.753198
3063 0.092874 -0.287659
2606 0.206671 -0.202068
2237 0.0631115 -0.375236
1616 0.304486 -0.961742
3146 -0.0558539 -0.487833
1065 -0.120753 -0.49809
2526 -0.0932326 -0.552394
1581 0.132643 -0.572304
1930 0.0454671 -0.591749
3297 -0.107844 -0.354937
2131 0.321815 -0.238918
1702 0.198224 -0.515505
1317 -0.11115 -0.402607
3333 -0.0396078 -0.385541
234 0.0565465 -0.7435
1650 0.203948 -0.773951
167 0.200253 -0.454826
2214 0.234069 -0.265278
498 0.33104 -0.72977
605 0.0975881 -0.855751
2385 -0.152682 -0.439421
3012 -0.144931 -0.4299
889 0.240868 -0.663101
2553 0.0668312 -0.921246
1882 -0.132073 -0.568759
3210 0.0153346 -0.788942
2346 0.306805 -0.373183
2559 0.295839 -0.635991
1802 0.039363 -0.362237
1753 0.284424 -0.365429
233 0.0031088 -0.550455
3004 0.157207 -0.396381
2696 0.305478 -0.485972
1826 0.0652427 -0.747081
2956 0.0729344 -0.414932
1873 0.26311 -0.65346
2770 0.304169 -0.678401
3443 0.129759 -0.266419
1193 0.209182 -0.579706
2064 0.240962 -0.651493
2894 0.157591 -0.6682
331 0.0442089 -0.431493
1655 0.207755 -0.614198
3373 0.203544 -0.344356
3133 0.314524 -0.385987
2391 0.217311 -0.441774
2780 0.152577 -0.836473
892 0.264156 -0.789467
3138 0.17068 -0.27527
2925 0.0106564 -0.362024
1509 0.0720244 -0.329734
2086 0.0154823 -0.710511
1612 0.246216 -0.41263
2104 0.229719 -0.619342
2918 0.115213 -0.834814
1737 0.330513 -0.751016
2397 0.284146 -0.290458
2186 0.285135 -0.453559
2349 -0.143474 -0.34358
3336 0.118885 -0.416374
2735 0.318142 -0.482221
3377 0.185866 -0.373943
21 0.195768 -0.579085
413 0.0797119 -0.65407
2990 -0.0704515 -0.832307
3477 0.216171 -0.493812
3451 0.167013 -0.192963
2523 0.305026 -0.423542
1776 -0.161782 -0.515608
1912 0.322187 -0.452668
3318 0.202794 -0.430546
2253 0.206558 -0.420974
613 0.184082 -0.770923
2698 0.104127 -0.536693
974 0.0402721 -0.39689
2914 -0.0538303 -0.73564
2350 0.158087 -0.422271
2313 0.0849888 -0.502
2638 -0.0915848 -0.288266
2640 -0.150114 -0.319352
1987 0.170065 -0.342079
203 0.28544 -0.492147
2618 -0.0253028 -0.262337
117 0.125574 -0.770539
575 0.326726 -0.52146
2067 0.191028 -0.360977
593 0.285606 -0.828553
1027 -0.12964 -0.450856
2634 0.0804118 -0.245146
1519 0.289315 -0.720647
1427 0.100586 -0.789232
430 0.0713584 -0.731025
3090 0.0820265 -0.37439
1995 -0.0655562 -0.441474
1073 0.107418 -0.681415
376 0.0112733 -0.757046
388 -0.0803888 -0.847862
3324 0.251034 -0.443631
879 0.0352905 -0.936113
876 0.215507 -0.75269
3034 0.00125257 -0.585387
3052 -0.0480808 -0.543083
3263 0.181087 -0.540179
2209 0.00677265 -0.283897
2208 -0.092068 -0.42899
2113 -0.0958634 -0.620359
954 0.325301 -0.51903
3323 0.110785 -0.343432
123 0.307481 -0.615967
1113 -0.136702 -0.763813
1477 0.0823066 -0.499217
2764 0.275782 -0.568384
747 0.246061 -0.869909
2330 0.234413 -0.287527
2262 0.304951 -0.368403
3242 0.0275979 -0.213768
1564 -0.0953977 -0.838458
1199 -0.0195424 -0.688075
176 -0.129991 -0.489647
2970 0.229631 -0.858658
1361 0.103556 -0.652619
2141 0.179814 -0.428539
2748 -0.0747935 -0.751339
3271 -0.0143594 -0.578791
1656 -0.0936698 -0.518009
3375 0.1411 -0.451877
1765 -0.0664825 -0.496956
1784 0.0361284 -0.444252
3467 0.119733 -0.423127
2059 0.14119 -0.407382
1719 0.00352236 -0.605175
2458 0.285631 -0.344325
2646 0.243062 -0.287017
3249 -0.120211 -0.556974
2887 -0.0692484 -0.378188
2778 0.0398445 -0.370105
2810 0.223228 -0.529136
2808 0.314068 -1.07834
2050 -0.0527459 -0.663439
445 0.208516 -0.835448
3364 0.301028 -0.533385
1913 0.0539148 -0.635486
3311 0.332703 -0.550576
3355 0.253497 -0.350767
2761 0.158918 -0.326971
915 -0.15619 -0.427109
901 0.178211 -0.63396
1464 0.0439756 -0.400479
1279 0.237872 -0.552425
661 0.00820192 -0.487687
1942 0.177006 -0.374411
2548 -0.180708 -0.509023
3218 0.287233 -0.291498
1123 -0.0672237 -0.312883
1881 0.227323 -0.624325
1879 0.426322 -0.926212
3331 -0.0875917 -0.464977
3322 -0.185233 -0.486425
1168 0.0333433 -0.565566
3018 0.299452 -0.328441
2284 -0.0951688 -0.63791
2756 0.0865035 -0.429898
1323 0.242735 -0.691747
2838 -0.146168 -0.405803
1549 0.0295568 -0.816156
2860 0.0625852 -0.41373
1493 0.210557 -0.602975
1962 0.0962966 -0.473336
3020 0.138802 -0.494092
1703 0.0713422 -0.387985
3339 -0.0465981 -0.269707
2296 0.19218 -0.377494
3254 0.0576788 -0.409411
11 -0.0181207 -0.850718
1514 -0.0495094 -0.371296
929 0.24512 -0.686944
1381 -0.0120216 -0.600455
2897 0.113611 -0.359712
1184 -0.114434 -0.488343
3453 0.089853 -0.382758
3121 -0.0995656 -0.596432
1161 -0.0525972 -0.563893
3292 0.191267 -0.457989
1292 -0.00710769 -0.582555
632 0.120023 -0.44619
3353 -0.121696 -0.480444
2074 0.073301 -0.347016
1098 0.0568457 -0.537414
1688 0.239469 -0.49798
3354 -0.0477699 -0.387016
1925 0.271982 -0.413511
981 -0.101595 -0.535192
3171 0.217121 -0.431845
2369 0.134585 -0.222163
2564 0.301933 -0.698677
3000 0.128863 -0.655252
2616 0.203012 -0.281432
2620 -0.247824 -0.395248
979 -0.129882 -0.371206
742 0.34552 -0.685544
360 -0.0189366 -0.51262
3107 0.0844242 -0.353314
3159 0.129811 -0.336803
2285 0.238277 -0.355598
1657 0.2867 -0.447497
2751 0.276217 -0.367699
3244 0.0166625 -0.47324
1100 0.133135 -0.403329
3309 -0.0595541 -0.470152
971 0.311359 -0.698495
3486 -0.0855997 -0.510025
1989 0.14925 -0.630076
1010 0.388432 -0.61554
2097 0.0113235 -0.514148
470 -0.0862649 -0.498659
946 0.112724 -0.446401
293 -0.0818618 -0.812749
1593 -0.0584636 -0.633115
1182 0.249788 -0.386974
1203 0.287359 -0.531318
2674 -0.116094 -0.405851
1607 -0.0988385 -0.564068
1283 -0.0571425 -0.610057
677 0.00134087 -0.686342
2719 -0.154112 -0.5093
1269 0.216778 -0.5121
1210 0.201725 -0.457738
2543 0.26032 -0.409371
2755 0.219105 -0.548395
1777 -0.00866679 -0.520897
801 0.0351988 -0.626063
721 0.0459678 -0.389688
3224 0.0794571 -0.509907
1596 0.337559 -0.6829
1981 0.110207 -0.583982
2275 0.14018 -0.560088
2027 0.307139 -0.517545
1059 -0.0576668 -0.602854
813 0.14322 -0.591213
3235 0.103724 -0.294359
834 -0.0393123 -0.31321
1371 0.2508 -0.646436
3366 -0.0181429 -0.356133
2542 -0.0315784 -0.483905
3386 0.188768 -0.387227
1892 0.199119 -0.285972
3348 0.217595 -0.624066
3178 0.285563 -0.401953
1834 0.0749076 -0.547883
2607 -0.118227 -0.282125
110 0.0536692 -0.669013
1316 -0.0640376 -0.386636
3282 0.253427 -0.526802
2565 0.154818 -0.610208
1085 0.339886 -0.60053
1408 0.149437 -0.370684
3396 0.00248637 -0.408086
2627 -0.100317 -0.172023
1387 -0.108792 -0.738653
1897 0.280437 -0.671288
2286 0.0749995 -0.570491
730 -0.153629 -0.511322
114 0.0352616 -0.647851
1152 0.0253279 -0.520793
1214 -0.0614234 -0.387277
1019 -0.0817041 -0.772407
3306 0.236153 -0.495426
3475 -0.00497555 -0.254848
1521 0.292828 -0.414858
1608 -0.0488306 -0.510712
3439 0.0327708 -0.371383
3005 0.20554 -0.431997
2348 0.11467 -0.459876
1255 -0.00404171 -0.760904
1256 -0.0633591 -0.781659
164 0.0690954 -0.491952
3430 -0.0735524 -0.403868
2453 0.363346 -0.412203
716 0.221208 -0.767944
2226 0.0393052 -0.225333
1704 0.0829827 -0.389393
1705 0.324427 -0.434836
3408 0.285325 -0.964085
3409 0.160629 -0.931789
2123 0.0709315 -0.366164
1841 0.211772 -0.784188
988 0.237416 -0.743443
1267 0.183593 -0.650945
2471 0.265325 -0.416316
1377 0.265717 -0.538304
1419 -0.0836753 -0.652975
2289 0.225199 -0.382756
3040 0.109522 -0.432173
1651 -0.0398859 -0.871937
3038 0.0882172 -0.289448
1648 0.310823 -0.327067
2401 0.128175 -0.348208
2866 -0.199412 -0.404613
3160 -0.0910211 -0.529429
3400 0.308563 -0.431577
2775 -0.0914484 -0.742214
3255 -0.0539263 -0.71142
3109 0.285744 -0.372719
2743 -0.0774889 -0.382912
2647 -0.209142 -0.321777
1324 0.297002 -0.391025
3088 -0.128587 -0.460935
2852 0.000437662 -0.427502
165 0.308092 -0.412803
466 0.0348395 -0.578227
1437 0.213153 -0.590614
2580 0.167633 -0.616647
2967 0.0190571 -0.372972
2062 -0.0450984 -0.548553
2768 0.257048 -0.423169
2399 -0.122837 -0.504166
2710 0.115069 -0.55706
1852 0.218111 -0.540535
3113 0.115285 -0.578236
1793 0.188198 -0.728449
2713 0.179464 -0.439972
937 -0.0725204 -0.522298
1388 0.188791 -0.59704
2316 -0.0355716 -0.566587
1116 0.162019 -0.448108
2966 0.260773 -0.380919
3285 -0.12374 -0.34023
1901 0.175168 -0.89066
1426 0.323749 -0.820266
2244 0.20106 -0.464094
1711 0.304981 -0.591643
2603 -0.00336674 -0.296381
2234 0.210192 -0.394593
3376 -0.0519659 -0.427631
1087 0.130969 -0.737353
529 0.159512 -0.606691
1747 0.13932 -0.903925
2809 0.173824 -0.840926
869 0.00020293 -0.295195
1215 0.0485082 -0.785947
3122 -0.144899 -0.526492
533 0.0823355 -0.513697
2215 0.0451881 -0.453212
3450 -0.0382615 -0.280878
56 -0.0793993 -0.589684
552 0.0353182 -0.673727
2950 0.219696 -0.566696
3016 -0.0193989 -0.571511
339 0.190781 -0.602594
499 0.0275631 -0.768697
1748 0.0974048 -0.72807
2879 -0.0431709 -0.262262
3104 0.28144 -0.53723
2007 0.0576507 -0.5594
2297 0.161371 -0.44901
998 0.260052 -0.486025
2819 0.0138675 -0.866817
2818 0.118609 -0.733443
34 0.135221 -0.834849
1230 0.128491 -0.536859
3069 -0.162099 -0.395825
1486 0.114155 -0.498827
3120 0.0237291 -0.543655
1548 -0.0340722 -0.491169
2582 0.011153 -0.553145
1411 -0.13303 -0.56858
2825 0.243992 -0.271681
3259 -0.0469998 -0.459066
1007 0.301868 -0.635092
2372 0.162918 -0.392067
3392 -0.0163375 -0.320173
2341 0.0618266 -0.512386
733 -0.125062 -0.529931
2797 0.0982096 -0.456322
2277 0.166082 -0.443139
3247 0.206444 -0.66824
3214 0.17065 -0.423451
3344 0.176409 -0.548463
970 -0.138568 -0.436847
153 0.385014 -0.615497
2474 0.150747 -0.495047
2693 0.255352 -0.336922
2929 -0.0552395 -0.71845
2344 -0.114814 -0.581077
3395 0.0495454 -0.376714
2154 0.268836 -0.46579
934 -0.0604305 -0.53695
3481 0.196315 -0.468891
2051 0.00902524 -0.577037
1674 0.191297 -0.412243
3156 0.293054 -0.247121
3207 0.319197 -0.655367
714 -0.018414 -0.588607
1314 0.029405 -0.3432
850 0.149487 -0.643432
1115 0.0166128 -0.510409
3287 -0.0252627 -0.754058
2260 0.0902587 -0.500528
486 0.372611 -0.849002
3044 -0.11537 -0.515058
2871 0.205597 -0.314977
2174 -0.00113206 -0.479063
861 0.327775 -0.730827
2095 -0.0280805 -0.783563
795 -0.106354 -0.478242
3192 0.269903 -0.400124
3394 -0.0679445 -0.35723
1956 0.148574 -0.450917
1204 0.0610279 -0.757148
3385 0.212391 -0.40605
3479 0.281347 -0.475089
2538 -0.0556748 -0.448783
1109 -0.152805 -0.681096
3388 -0.145426 -0.452762
1932 0.0695003 -0.481992
2922 0.125811 -0.622225
858 0.259933 -0.355653
1090 0.310323 -0.57238
1953 -0.137625 -0.420742
3054 0.00350128 -0.258658
3389 0.255143 -0.453403
1262 0.273189 -0.561699
1786 0.342081 -0.315008
1936 -0.0806302 -0.625236
2947 0.190825 -0.506826
517 0.23101 -0.720872
2408 -0.0388884 -0.286338
2418 -0.0187971 -0.462886
2609 0.0239659 -0.230962
1118 0.203686 -0.49204
920 -0.0788808 -0.467878
2118 0.195056 -0.531614
1516 0.160365 -0.597941
3223 0.00260901 -0.452423
2362 0.132224 -0.352894
3062 0.334871 -0.256911
2001 0.206741 -0.770627
2610 -0.186561 -0.382542
1541 -0.0370892 -0.797211
2433 -0.1626 -0.432161
580 0.214885 -0.756334
3234 0.270705 -0.354727
1754 0.0101631 -0.443616
3227 -0.141962 -0.298543
1701 -0.0329094 -0.50753
652 -0.107668 -0.823057
1900 0.310576 -0.558971
509 0.340275 -0.715874
2506 0.305583 -0.366568
630 0.0834554 -0.828783
1471 0.17056 -0.685242
65 -0.0197184 -0.327551
2859 0.0204112 -0.504231
579 0.0999787 -0.785676
3007 -0.178202 -0.565858
1637 0.289105 -0.707097
3490 0.377577 -0.690501
1016 0.239782 -0.576986
2389 0.0557359 -0.237694
2790 0.11055 -0.58897
2913 0.232457 -0.499879
1076 0.169107 -0.471857
3112 -0.101742 -0.703653
3221 0.0313753 -0.440302
3345 0.151956 -0.377873
269 0.137022 -0.633025
416 0.0643948 -0.581024
2429 0.274447 -0.273203
1893 0.140557 -0.290633
2687 0.0644896 -0.450059
1779 0.265671 -0.512128
3085 -0.12921 -0.396597
3039 0.150386 -0.403425
1412 0.315266 -0.679547
3049 0.167572 -0.430505
928 0.141942 -0.67993
1762 0.180661 -0.436796
1356 0.349506 -0.468082
3328 0.126027 -0.570363
3476 -0.00331348 -0.441371
336 0.0943609 -0.718339
2150 -0.0459163 -0.487067
1216 0.217005 -0.405953
102 0.363008 -0.518408
2625 0.0785008 -0.323308
1941 0.122845 -0.559843
3228 -0.041011 -0.392992
2060 0.268978 -0.399818
2190 0.130525 -0.262913
2692 0.0694698 -0.531433
1833 0.14796 -0.429915
3163 -0.0977797 -0.482747
2823 0.0589741 -0.517265
800 0.109941 -0.557102
562 0.195993 -0.846552
3447 0.324564 -0.277772
3494 0.133605 -0.581631
2322 0.342783 -0.37301
193 0.266398 -0.671629
3243 -0.0326521 -0.459796
1407 -0.0694757 -0.599808
2052 0.0586274 -0.456998
2040 0.253363 -0.336332
481 0.0206017 -0.689858
2243 0.207998 -0.527649
859 0.180582 -0.413022
2305 0.149594 -0.350259
493 0.0518358 -0.570533
3456 0.145638 -0.410543
1194 0.0772429 -0.410078
