540 2
217 0.0151696 -0.000492097
423 -0.157996 0.0539856
275 -0.0621364 -0.106072
24 0.135892 0.187261
110 -0.138488 0.107505
197 0.0633688 -0.0781936
434 -0.145177 0.220353
201 -0.180663 0.146497
277 0.00257067 0.105442
272 0.225774 0.287549
490 0.199595 0.299532
4 0.265287 0.225336
465 -0.0935839 0.0367282
5 0.329206 -0.0890721
145 -0.193938 0.177878
398 0.306822 0.301083
265 0.19812 0.27622
360 -0.00296052 0.230215
188 0.281318 0.2416
383 0.281636 0.163193
262 0.158163 -0.0729339
207 -0.0620127 0.274582
500 0.0656119 -0.118208
380 0.133602 0.0776937
310 -0.128725 -0.140991
372 0.111652 -0.0245651
46 -0.182327 -0.08107
59 -0.0314077 0.280805
428 -0.0562106 0.262683
529 0.183937 0.227243
317 0.302926 0.0363881
340 0.121837 0.096866
165 0.0905887 -0.0644903
525 -0.0956382 -0.00103459
247 0.236757 0.256239
42 0.0690078 0.0256267
149 0.07883 -0.0270013
492 0.0268621 0.0661149
369 0.0426117 0.329701
449 0.173693 -0.101556
139 -0.077843 0.331311
422 0.196261 0.287936
129 0.00190049 -0.0350246
491 0.0488558 -0.0880152
531 0.108303 -0.133321
419 -0.0247309 0.0507578
486 0.227697 -0.0874363
414 0.205828 -0.105199
15 -0.155008 0.0324388
410 0.29789 0.266809
71 0.109375 -0.103519
376 -0.119248 0.0836425
157 0.200771 -0.00914383
278 0.0813902 0.157853
301 -0.0458577 0.222407
10 0.163038 0.0213317
178 -0.105954 0.0529763
418 -0.0636701 0.102761
267 0.135167 -0.0607234
415 0.193977 0.190352
472 0.282914 -0.0740494
47 0.228344 -0.0626037
70 0.0182557 -0.0581912
417 0.0119826 0.0173243
532 0.0624089 0.160253
284 0.209019 0.0803676
17 0.288155 0.0641249
351 -0.134592 0.309571
7 0.21266 -0.0514205
107 0.0607912 0.263352
198 0.146677 0.212762
269 0.171337 -0.172889
286 -0.159684 0.127039
270 -0.0012618 0.118886
212 0.261543 0.0736654
337 0.104686 0.0518781
448 0.161036 -0.00743326
518 0.0939002 0.213435
516 0.247292 0.27656
48 -0.125987 0.0766344
456 0.0354245 0.231662
2 0.328013 0.183612
397 0.129208 0.148444
87 0.308146 -0.0503992
350 -0.0945728 0.0547639
390 0.0729203 -0.11004
395 0.231518 0.276581
329 0.276388 0.152732
18 0.344593 -0.065088
358 -0.0416133 0.273376
322 0.168895 -0.0114862
13 0.178207 -0.180249
23 0.233093 0.146875
98 0.0718763 -0.0581411
144 0.15084 0.172263
49 -0.124889 -0.110797
169 -0.0444208 0.113993
61 -0.0699074 0.267014
234 0.123792 -0.0578289
92 -0.0338067 -0.0542359
105 0.00482179 0.310824
426 0.0496213 0.237406
235 0.298872 0.0790006
162 -0.132597 -0.0448428
67 0.0619031 0.0915739
354 0.232677 0.139949
192 -0.113153 0.309344
401 -0.0701342 0.19157
534 0.154656 0.200213
427 0.117962 0.0171361
430 0.0673545 0.120045
507 0.317156 -0.0501775
494 -0.0277054 -0.0615392
454 0.153871 0.207802
32 0.109286 0.105735
475 0.197223 0.113323
387 -0.0598861 0.184742
432 -0.0157918 -0.156542
344 0.0719976 0.280412
75 0.268182 0.351958
220 -0.0219321 0.322315
63 -0.147131 0.0246388
159 0.32984 0.25778
453 0.20405 0.151929
219 -0.0473092 0.0990299
78 -0.124498 -0.0464584
177 -0.0613446 0.266436
108 0.107158 0.193975
359 0.0805802 -0.133792
407 -0.0524759 0.0553552
79 -0.194592 -0.0949555
132 0.0858968 0.247512
385 0.131262 -0.167975
37 0.165608 -0.135714
100 0.0769377 0.141727
115 0.0818892 0.0702903
50 -0.071868 0.144801
199 -0.151632 0.222005
424 0.113282 0.0645897
436 -0.0934669 0.139822
356 0.0841385 0.0023629
374 -0.0095135 0.257021
496 -0.134415 0.33444
353 -0.010398 0.0525391
180 0.0875079 0.219748
324 0.106494 0.0677764
239 0.19287 0.106513
185 0.0168837 0.146787
282 0.232694 -0.115906
148 0.260918 0.143489
194 0.0335337 -0.0985741
206 -0.00780585 0.0401432
146 -0.10618 0.159284
151 0.119195 0.0565475
242 -0.113587 -0.0617759
442 0.0156638 0.313447
34 0.287795 -0.0689719
512 -0.14471 -0.153277
435 -0.00675759 0.237117
196 0.328743 0.30678
524 -0.0507369 0.233172
205 0.000982465 0.323031
230 0.143861 0.122999
33 0.208673 0.160447
370 0.0135771 0.0324671
477 0.118047 -0.0474112
56 0.0195333 0.321892
375 -0.115287 0.254807
44 0.265415 0.0790887
170 0.221868 0.239441
227 -0.121331 0.131351
1 -0.0219647 0.301512
402 -0.128327 0.179607
455 -0.15767 0.285405
195 -0.101505 -0.135355
393 -0.064092 0.172117
318 0.122045 -0.107783
406 0.011997 -0.157334
240 0.257677 0.0662051
481 -0.047735 -0.0961983
535 0.11396 -0.159918
429 0.255295 0.289404
292 0.0178041 0.233981
109 0.10537 -0.134826
138 0.0876735 0.181213
60 -0.0815875 0.191655
106 0.255687 0.118184
218 0.280458 -0.141643
521 0.243239 -0.0833169
28 0.223831 -0.0146064
90 0.0296383 -0.0830589
342 -0.00627109 0.32248
80 0.234447 0.27734
22 0.316777 -0.0983477
298 0.0992538 -0.0385536
495 -0.164688 -0.0210995
14 -0.0632816 -0.15384
522 0.0120986 -0.00812814
52 0.159498 0.253641
306 0.0609923 0.351688
474 -0.11833 0.0230922
38 -0.0948866 -0.0698867
460 0.208291 0.22665
202 0.322168 0.0506819
231 0.193417 0.264421
536 -0.152265 -0.18833
527 0.0463512 0.249349
21 0.302317 -0.10176
89 -0.0588393 0.031138
153 0.211108 0.0655272
85 -0.143257 0.17298
73 -0.141845 -0.0845874
450 0.0450622 -0.0277732
20 0.0235415 0.30645
497 0.268221 0.21563
93 -0.167342 0.215164
389 -0.0327321 0.31548
334 0.0751418 0.295468
476 -0.0779455 -0.00145455
520 0.0307742 0.298499
441 -0.173698 0.228259
209 0.288576 -0.00242628
320 0.0131968 0.231644
433 0.162926 -0.101975
236 0.194754 0.00339661
416 0.0763369 0.25732
368 0.293994 0.0574201
152 0.272228 0.307123
505 0.302305 0.0192337
363 0.0392685 -0.199422
304 0.112242 -0.125015
133 0.287888 0.130955
223 -0.0308954 -0.141803
96 -0.175521 -0.0597229
408 -0.107502 0.238752
29 -0.166108 0.0149195
461 0.283566 -0.0226952
224 0.0100757 -0.181085
72 0.0670474 0.07953
303 -0.0856603 -0.0574754
508 -0.149537 -0.0181084
308 0.283947 -0.043885
316 0.142622 0.151444
295 0.270469 0.000761995
64 0.284455 0.0104948
95 0.0278437 -0.107618
134 0.221482 0.290607
103 0.268254 0.232055
183 0.306108 -0.0390843
288 -0.0429365 0.142808
523 0.0158221 -0.016479
216 0.0777845 0.0355277
126 -0.0168769 0.201536
519 -0.0669109 0.0716167
314 0.104723 -0.0485602
510 0.26099 0.0768563
164 0.273167 0.261361
470 -0.10902 0.246357
43 0.0508332 0.0544577
271 0.014068 -0.0158439
405 -0.123145 0.327095
173 -0.121641 0.196213
186 -0.0847346 -0.0340638
300 0.186349 0.134062
445 0.275882 0.103344
332 0.0913647 0.293109
392 0.143264 0.0932166
189 0.204562 0.133081
214 0.241868 -0.0928107
352 -0.096785 -0.0734146
166 0.106651 -0.0106655
273 0.087835 -0.0227559
467 0.20849 0.155687
279 0.0749091 -0.0370558
526 0.043227 -0.14269
140 0.105884 -0.0639258
464 -0.0537926 0.117973
131 0.205647 0.132926
142 0.192282 0.142221
190 0.187955 -0.0521331
65 0.284598 0.293431
120 -0.184649 0.209259
287 0.164504 0.0508881
158 0.0700201 0.198899
264 0.153236 0.242418
176 0.116562 0.28753
289 0.136486 0.103237
343 0.169197 -0.171935
487 0.296422 0.120733
378 0.162464 0.221128
245 0.270227 0.224969
457 0.24241 0.0901481
221 0.300689 0.333236
480 -0.0699776 0.283472
102 0.244508 0.226339
312 0.0474075 -0.065977
91 0.00207235 0.101369
136 0.0231478 0.270784
9 0.328263 -0.0146916
328 0.110137 0.0860394
386 0.203744 0.0370456
62 -0.195614 -0.121669
16 -0.0299273 0.0902167
528 0.104129 0.1449
55 0.0754921 -0.154815
135 0.025974 0.234612
517 -0.153019 -0.0375473
57 -0.0870363 0.241225
97 0.185703 0.0614757
76 0.102794 0.0764724
503 0.302418 0.304663
225 0.246942 -0.0906242
297 -0.151009 0.353348
154 -0.120536 0.0795216
68 -0.00479424 0.0713859
171 -0.146812 0.0040229
283 -0.0659175 0.142926
155 -0.160173 -0.112063
261 0.127184 -0.171111
237 0.342767 0.122118
88 -0.178365 0.048365
466 0.155488 -0.0010416
335 -0.0564211 0.0090942
31 0.269271 -0.0735093
364 -0.122497 -0.106888
502 0.282731 0.0723842
443 0.111451 0.222073
484 0.130048 0.281547
373 0.198139 0.0985212
325 0.107243 0.176233
309 0.241547 0.192371
446 0.254131 0.293566
276 0.218865 0.330433
174 -0.143946 0.283075
327 0.256189 0.236837
232 0.202026 0.0524117
249 0.305644 -0.0732853
30 0.098856 -0.124272
39 -0.134366 -0.051087
348 0.0334664 0.203886
345 -0.0235237 0.0336555
111 -0.00395671 0.0571638
238 -0.156759 0.309678
163 0.153045 -0.145381
266 0.12959 0.291976
444 -0.0711781 0.161884
361 0.166996 -0.0426116
208 -0.091663 0.00364226
119 -0.100504 0.2372
248 -0.169146 0.218789
293 -0.175687 -0.0578816
336 0.28569 0.0467543
471 0.226098 0.152614
412 -0.0689992 0.252501
485 0.0528795 0.277013
291 -0.0743792 0.0769023
459 0.0949544 0.125516
257 -0.00306057 0.316692
54 0.275143 -0.0207884
367 0.0788266 -0.112758
74 -0.0389503 -0.0782104
473 -0.0458206 -0.15925
280 0.0486518 -0.0840675
420 0.274678 0.0992866
379 0.206 0.307648
124 -0.156317 0.0551085
253 -0.0232802 -0.0110304
274 0.240677 -0.103223
299 0.295844 -0.0811026
468 -0.132614 0.186587
179 -0.0794616 0.198721
11 -0.0828913 -0.0173005
255 -0.0264914 0.133782
51 -0.0876825 -0.147216
123 0.300879 -0.160316
482 0.00282619 -0.00504792
514 -0.0667242 -0.185148
252 0.148893 0.224502
452 0.233006 -0.0274222
347 -0.0234659 0.336397
538 0.227703 0.0909563
268 -0.0613343 0.267895
121 0.209104 -0.105071
27 -0.0236565 0.307282
394 -0.0473897 0.045657
161 -0.169962 -0.0243659
483 0.251609 -0.0700226
365 -0.0760082 0.0940784
116 0.158034 0.305489
294 0.263188 0.120417
143 -0.0619895 0.34705
321 -0.119989 0.142897
181 0.0523824 0.0806363
478 0.119543 0.251478
250 0.247135 0.0895725
339 0.178497 0.258922
362 0.0559417 -0.103932
244 -0.0312631 -0.150008
19 0.129632 0.0830288
425 0.0201231 0.0901707
36 -0.0794406 0.365626
167 -0.173384 0.146966
438 -0.0814075 -0.0235721
127 0.286827 -0.0990674
184 0.212486 0.211511
26 0.191603 -0.180371
403 -0.0740546 -0.159712
307 0.197466 0.240326
440 0.0277717 0.0826997
6 -0.192375 -0.0934525
513 0.0832241 0.171523
122 0.203057 0.0731039
137 0.116095 0.13037
377 -0.170991 -0.0360761
281 0.032405 0.104217
346 0.22486 0.206109
77 0.0279505 -0.1345
210 0.288997 0.0821352
302 0.293658 0.325691
45 0.0463744 -0.153248
341 -0.0802545 0.161761
147 0.192832 0.0231448
114 -0.00508344 -0.117335
3 -0.132175 0.19995
437 0.286553 -0.0803169
125 -0.0530494 0.0381518
330 0.242962 -0.0474073
187 0.14256 -0.177242
251 0.167817 0.182828
333 0.142891 -0.062198
150 0.210626 -0.11199
311 0.280195 0.277321
399 -0.122177 0.107496
305 0.120688 0.313343
86 -0.153676 -0.130437
254 0.13186 0.327207
259 0.0154823 0.133154
94 -0.027842 0.120849
355 -0.0127294 -0.0743671
458 -0.00789887 0.256371
211 -0.0774725 -0.148022
113 0.281794 -0.0724521
533 0.226263 0.14035
104 -0.000386871 0.00095516
228 -0.131719 0.223181
463 -0.121607 0.0128389
25 0.136605 -0.0672706
501 0.0636595 0.336028
488 0.0151405 0.0014415
40 0.2708 0.145723
8 0.245553 0.340003
83 0.278077 -0.0828494
462 0.309137 0.185758
82 -0.0498694 0.0368207
256 0.0587294 0.0488535
509 0.199412 -0.164724
141 0.19065 0.267209
243 0.240782 0.283071
404 0.0251173 0.254203
366 -0.122672 -0.0383218
371 0.140704 0.00487062
215 -0.137843 -0.0217773
41 0.0183974 -0.10249
200 0.226589 -0.0482539
537 -0.00781226 0.285664
213 -0.118873 -0.126766
349 0.0672231 -0.0909295
175 0.0568418 -0.0864793
391 0.037869 0.09891
168 0.0399342 0.151508
447 0.124974 -0.081687
515 0.0793863 0.0294149
263 0.137073 0.00548902
81 0.0939635 0.271351
35 -0.184892 -0.0990797
504 0.238775 -0.149322
493 0.0331107 0.169136
101 -0.0968746 0.182675
396 -0.134684 0.115703
381 0.0931013 0.0475954
469 0.149144 0.0678964
413 0.0879989 0.157772
117 0.0591466 -0.0678185
315 0.246936 0.205002
319 -0.000796765 -0.0514426
338 0.105848 0.0520079
388 -0.0885622 0.123477
382 -0.146573 -0.0907201
499 -0.0680923 -0.157034
204 -0.0112732 0.233857
130 -0.129375 -0.0794377
241 0.270477 0.166689
53 -0.0331865 0.265272
69 0.177141 -0.000504829
172 0.185448 0.26006
539 0.262605 0.0826741
323 0.139289 0.261433
431 0.26393 0.120877
411 0.16835 -0.0836872
84 0.118442 0.070581
511 0.00219508 0.13019
313 0.127618 -0.0626263
489 0.0112224 0.066776
229 -0.0533502 -0.0568124
226 -0.16425 0.33423
400 0.22385 0.219211
12 -0.0377997 -0.0543141
498 -0.125144 -0.134269
66 0.150619 0.195576
290 -0.12954 0.245328
58 0.273001 0.112796
357 0.0875535 0.201047
203 0.140071 0.164163
540 0.0444853 -0.0817192
296 -0.132135 0.133042
479 -0.163035 0.224447
285 0.130454 0.102663
451 -0.115082 0.200937
191 -0.0697034 0.211254
182 0.00629743 0.300031
421 -0.207968 0.02916
193 0.150715 0.0423287
506 -0.0883029 -0.131525
258 0.0678276 -0.0336664
331 -0.163811 0.0807595
222 0.185566 0.209185
156 -0.0581241 0.163602
233 0.00603009 0.253297
160 0.0964918 0.0924399
112 0.246998 0.049503
128 -0.124861 0.206024
260 -0.15285 0.199744
246 -0.0632221 -0.0464167
326 -0.0893667 0.313795
384 -0.188585 0.206838
118 0.146725 0.0951634
409 -0.0537662 -0.134031
530 0.130037 0.319376
439 0.253108 0.244896
99 0.0949832 0.19127
