1 2
1 3
1 4
1 5
1 6
1 7
2 8
2 9
2 10
2 11
2 12
2 13
2 14
2 15
2 16
2 17
2 18
2 19
2 20
2 21
2 22
2 23
2 24
2 25
2 2
2 26
27 28
27 29
27 30
27 31
27 27
27 32
27 7
27 33
27 34
27 35
27 36
27 37
27 38
28 31
28 39
29 31
29 40
29 39
29 41
29 42
29 7
29 43
29 44
29 45
29 46
29 47
29 48
29 29
29 49
29 50
30 51
30 52
30 40
30 32
30 30
30 44
30 53
30 43
30 54
30 55
30 56
30 57
30 58
30 59
51 60
51 34
61 62
61 63
61 64
61 65
61 61
62 66
62 67
62 68
62 69
62 70
62 71
72 73
72 74
72 75
72 76
72 77
72 78
73 75
73 79
73 80
73 73
73 81
73 82
73 83
73 84
73 85
73 86
73 87
73 88
73 89
73 90
73 91
73 92
73 93
75 79
94 95
94 96
94 97
94 98
94 99
94 100
94 101
94 102
94 103
94 104
94 104
94 104
94 105
94 106
94 107
94 20
94 108
94 109
94 110
94 111
94 50
94 112
94 113
94 94
94 114
94 115
94 116
94 117
94 118
94 119
95 96
95 120
95 121
74 122
74 123
123 124
123 39
123 41
123 125
123 126
127 128
127 129
127 130
127 54
127 131
127 55
132 133
132 134
132 135
133 134
133 136
133 137
133 135
133 138
133 139
133 140
133 141
133 142
133 143
133 144
133 145
133 146
133 147
133 148
133 149
133 150
133 151
133 152
134 144
134 56
134 138
134 135
134 137
134 139
134 140
134 153
134 154
134 155
134 156
134 157
134 158
134 152
52 52
52 159
52 160
161 162
161 163
162 164
162 163
165 166
165 167
165 168
165 169
165 170
165 171
165 172
165 143
165 173
165 135
165 174
165 155
165 156
165 157
165 154
165 175
166 168
166 169
166 167
167 168
167 169
167 176
167 177
167 178
168 169
168 179
168 177
168 180
168 176
168 181
168 182
168 183
168 184
168 185
169 186
169 169
169 177
169 180
169 176
169 182
136 144
136 173
136 143
136 187
136 151
136 188
136 189
136 142
136 145
144 143
144 148
144 142
144 145
144 173
143 190
143 173
143 148
143 142
143 135
143 145
143 191
143 149
143 151
143 187
143 192
143 146
143 189
143 193
143 150
143 147
143 140
143 152
148 173
148 145
148 142
142 173
142 149
142 151
142 187
142 192
142 146
142 189
142 193
142 150
142 147
142 145
145 194
145 195
145 196
145 197
145 198
145 173
145 151
145 188
145 187
145 189
199 200
199 201
199 202
199 203
199 204
199 205
199 206
199 207
199 208
199 209
199 210
199 211
199 212
199 213
199 214
199 215
199 216
199 217
199 218
199 219
199 220
199 221
199 40
199 222
199 223
199 141
199 224
199 225
199 226
199 227
199 228
199 229
199 230
199 231
199 232
199 46
199 233
199 234
200 235
200 200
202 236
202 237
202 238
239 240
239 241
239 55
239 234
240 68
240 186
240 242
240 243
240 244
240 245
240 246
240 247
240 69
240 36
240 203
240 240
240 26
240 180
240 55
240 39
240 248
68 243
68 68
68 246
68 184
68 249
250 251
250 252
250 253
250 24
250 254
250 255
250 227
250 256
251 24
251 257
7 258
7 258
7 31
7 38
7 184
7 7
7 203
7 259
7 260
7 261
7 36
258 262
258 259
258 263
258 264
258 265
258 266
258 267
258 268
258 269
258 223
258 270
258 24
258 262
258 259
258 265
258 268
258 269
258 223
258 270
258 24
31 271
31 272
31 273
31 274
31 40
31 275
31 276
31 277
31 278
31 279
31 103
31 50
31 280
31 281
186 246
186 186
186 181
186 26
186 36
246 246
246 243
246 245
246 184
246 282
246 26
246 69
181 283
181 35
181 284
181 282
242 43
242 227
242 285
242 286
242 287
242 241
242 247
242 288
43 39
43 41
43 55
43 16
43 203
43 289
227 227
227 283
227 290
227 291
227 292
227 293
227 294
227 288
227 295
227 267
227 296
285 297
285 298
285 253
285 254
286 299
286 294
286 288
286 300
286 287
286 267
286 301
286 24
286 55
287 294
287 288
287 302
247 245
247 243
288 293
288 294
288 267
288 288
288 303
288 295
288 180
288 24
288 55
96 104
96 105
96 120
96 304
96 110
96 263
96 104
96 305
96 306
96 307
96 308
96 309
96 310
96 99
96 104
96 311
96 98
312 313
312 314
312 253
312 315
312 316
312 317
312 318
312 252
312 319
312 320
313 321
322 306
322 323
322 324
322 105
306 308
306 105
306 323
306 41
306 39
306 111
306 307
306 263
306 325
306 326
306 327
306 328
306 311
271 329
271 330
271 331
271 332
271 273
272 330
272 333
272 334
272 335
272 336
272 273
273 38
273 331
273 330
273 332
273 337
273 338
274 339
274 279
274 281
274 340
274 341
274 277
40 342
40 343
40 344
40 345
40 346
40 347
348 349
349 350
349 351
350 351
350 352
190 305
190 141
190 223
190 152
190 353
305 262
305 354
305 263
305 100
305 269
305 265
305 355
356 357
356 106
357 106
106 358
106 359
106 360
361 362
363 364
363 365
363 291
363 366
363 367
363 184
364 310
368 369
368 370
368 371
368 24
369 372
32 373
32 103
32 374
32 375
32 32
376 377
376 184
376 378
377 378
184 379
184 380
184 185
184 184
184 381
184 382
184 383
184 384
184 385
184 386
184 387
184 388
184 389
184 390
184 391
184 4
184 392
184 393
184 394
184 395
184 396
184 397
184 398
184 399
184 243
184 400
184 401
184 402
184 152
184 403
184 404
184 365
184 180
184 26
184 36
184 405
378 403
378 378
378 406
378 407
113 408
113 409
113 225
113 233
113 226
113 156
113 223
408 409
408 225
408 233
408 226
409 410
409 358
409 310
409 411
225 391
225 233
225 226
225 412
225 413
225 414
225 213
225 415
225 416
225 221
225 417
225 234
225 418
225 419
225 420
225 421
225 422
225 423
225 424
225 425
225 426
225 427
225 164
225 428
225 429
225 430
225 431
225 432
225 433
225 434
225 435
225 436
225 437
225 438
225 439
225 440
225 441
225 442
225 443
225 444
225 445
225 446
225 447
225 448
225 449
225 450
225 451
225 452
225 453
225 454
225 455
225 456
225 457
225 458
225 459
225 460
225 461
225 462
225 463
225 464
225 465
225 466
225 467
225 468
225 469
225 470
225 471
225 472
225 473
225 474
225 332
225 475
225 399
225 476
225 477
225 478
225 479
225 480
225 481
225 482
225 483
225 238
225 484
225 485
225 486
225 487
225 488
225 489
225 490
225 491
225 389
225 492
225 493
225 494
225 495
225 496
225 104
225 497
225 498
225 499
225 500
225 501
225 502
225 503
225 8
225 504
225 505
233 437
233 223
104 262
104 105
104 111
104 264
104 263
104 268
104 506
104 507
104 223
104 508
104 353
104 509
262 104
262 11
262 260
262 261
104 105
104 111
104 263
104 268
104 506
104 507
104 223
104 353
104 509
11 510
11 511
260 512
261 512
513 514
513 515
513 516
513 517
513 213
513 518
513 359
513 360
513 519
513 520
513 521
513 522
523 524
523 523
523 522
525 526
525 527
528 529
528 174
528 530
528 531
528 532
528 533
528 175
528 534
528 535
528 536
528 537
528 538
528 519
528 539
528 170
528 540
528 541
414 542
414 223
414 24
542 543
542 265
542 542
542 544
542 545
542 546
542 547
542 205
542 548
542 549
542 550
542 551
542 552
542 553
542 553
542 546
542 546
542 554
542 550
542 555
542 556
542 556
542 557
542 557
542 208
542 558
542 559
542 560
542 561
542 562
542 563
542 564
542 565
542 566
542 567
542 568
542 569
542 570
542 571
542 572
542 573
542 574
542 575
542 576
542 577
542 578
542 579
542 560
542 580
542 581
542 434
542 582
542 583
542 584
542 585
542 586
542 587
542 206
542 588
542 589
542 589
542 565
542 590
542 591
542 592
542 570
542 593
542 594
542 595
542 596
542 597
542 598
542 599
542 600
542 601
542 602
542 603
542 586
542 604
542 605
542 606
542 416
542 607
542 309
542 608
542 609
542 610
542 611
542 384
542 612
542 613
542 614
542 615
542 616
542 617
542 618
542 619
542 392
542 620
542 621
542 622
542 623
542 624
542 524
542 625
542 4
542 626
542 627
542 628
542 629
542 630
542 631
542 632
542 42
542 391
542 633
542 634
542 635
542 229
542 636
542 637
542 638
542 639
542 640
542 641
542 642
542 442
542 643
542 644
542 645
542 646
542 647
542 648
542 649
542 650
542 651
542 652
542 653
542 654
159 655
159 656
159 657
159 658
159 659
159 660
159 661
655 661
655 658
655 656
655 657
655 662
655 659
655 660
656 661
656 658
656 659
656 657
656 660
657 661
657 660
657 659
657 658
657 663
658 661
658 660
658 664
658 665
658 634
658 666
659 661
659 660
659 659
659 667
660 661
243 245
243 249
99 100
99 263
99 310
99 307
99 668
100 304
100 263
100 669
100 39
100 670
100 307
100 340
100 671
291 56
291 57
291 24
291 366
291 291
291 292
291 58
291 672
291 255
56 57
56 366
56 153
56 56
56 673
56 674
56 672
56 24
56 675
141 224
141 676
141 677
141 678
141 679
141 680
141 681
141 682
141 683
224 223
38 38
38 684
38 685
38 686
38 110
38 663
38 257
38 223
38 352
38 687
38 59
38 688
38 689
38 517
38 690
38 691
38 692
38 693
38 694
38 695
38 696
697 373
697 698
697 699
373 33
373 34
373 35
8 700
8 8
8 223
8 417
701 372
372 702
372 703
704 705
705 706
705 321
705 343
705 707
705 708
705 709
263 304
263 669
263 39
263 670
263 105
263 307
263 308
263 98
263 309
667 710
667 711
667 663
667 686
710 663
39 19
39 41
39 55
39 712
39 713
39 321
39 649
39 646
39 714
39 715
39 716
39 717
39 689
39 517
39 718
39 718
39 719
39 463
39 720
39 39
39 721
39 266
39 267
39 722
39 723
39 289
39 24
39 724
39 64
39 725
39 726
39 727
39 728
39 729
39 155
39 730
39 731
39 732
39 733
19 734
19 735
19 706
19 736
19 737
41 713
41 321
41 266
41 723
41 223
41 289
41 24
41 55
41 724
41 733
329 330
330 331
330 332
24 255
24 178
24 738
24 739
24 24
24 740
24 93
24 415
24 741
24 672
24 742
24 276
24 743
24 744
24 745
24 746
24 747
24 748
24 749
24 716
24 750
24 751
24 752
24 753
24 12
24 423
24 217
24 754
24 396
24 755
24 212
24 756
24 756
24 757
24 757
24 758
24 210
24 759
24 760
24 416
24 761
24 432
24 762
24 763
24 764
24 765
24 485
24 124
24 500
24 766
24 767
24 768
24 482
24 769
24 770
24 771
24 772
24 773
24 180
24 604
24 126
24 774
24 665
24 775
24 776
24 777
24 778
24 779
24 780
24 454
24 781
24 782
24 783
24 784
24 785
24 572
24 557
24 557
24 564
24 601
24 577
24 786
24 578
24 206
24 561
24 580
24 787
24 560
24 560
24 570
24 570
24 568
24 788
24 581
24 559
24 551
24 562
24 789
24 569
24 566
24 790
24 545
24 544
24 558
24 576
24 563
24 587
24 205
24 546
24 546
24 718
24 718
24 550
24 550
24 600
24 791
24 792
24 793
24 571
24 548
24 794
24 594
24 592
24 719
24 795
24 796
24 631
24 797
24 798
24 799
24 800
24 801
24 802
24 424
24 803
24 804
24 805
24 806
24 807
24 808
24 809
24 433
24 810
24 811
24 812
24 813
24 814
24 717
24 815
24 816
24 817
24 818
24 819
24 820
24 821
24 822
24 465
24 125
24 823
24 425
24 824
24 825
24 826
24 827
24 828
24 829
24 830
24 831
24 832
24 833
24 834
24 835
24 836
24 837
24 838
24 839
24 840
24 691
24 841
24 842
24 843
24 504
24 844
24 845
24 846
24 847
24 848
24 849
24 850
24 851
24 637
24 852
24 853
24 629
24 689
24 517
24 854
24 855
24 630
24 42
24 213
24 57
24 856
24 857
24 858
24 649
24 859
24 480
24 860
24 380
24 861
24 862
24 863
24 864
24 865
866 867
867 868
867 869
867 870
867 223
867 871
867 872
873 716
873 874
873 203
873 121
716 266
716 267
716 875
716 223
360 359
403 403
403 876
403 6
877 878
877 879
877 880
878 879
878 881
878 882
878 611
878 80
883 884
883 629
883 885
883 886
883 147
883 887
883 888
883 234
883 42
883 889
883 751
883 883
883 268
883 80
884 629
874 890
163 93
163 342
93 733
93 879
93 891
93 164
93 892
93 893
93 894
93 67
93 93
93 895
93 896
93 897
93 64
93 724
203 898
203 275
203 63
203 739
203 36
203 276
203 899
203 900
203 901
203 116
203 902
203 903
203 904
203 13
203 905
203 156
203 906
203 44
203 907
203 908
203 55
203 909
203 910
203 727
203 911
203 912
203 124
203 223
203 284
898 913
898 914
898 915
898 255
898 865
898 55
898 284
179 180
78 147
78 916
78 917
78 918
78 919
78 920
78 921
78 922
78 78
78 886
78 923
78 924
78 925
78 926
78 927
78 928
78 929
78 930
78 931
78 932
78 853
78 888
78 933
78 934
78 248
78 935
78 936
78 937
78 938
78 648
78 621
78 48
78 939
78 940
78 941
78 889
78 458
78 422
78 780
78 942
78 885
78 425
78 943
78 424
78 944
78 945
78 433
78 946
78 420
78 947
78 849
78 948
78 949
78 950
78 951
78 952
78 953
78 500
78 455
78 954
78 955
78 483
78 956
78 502
78 957
78 958
78 430
78 759
78 959
78 960
78 961
78 439
78 450
78 962
78 963
78 964
78 965
78 966
78 435
78 967
78 968
78 969
78 970
78 971
78 972
78 973
78 974
78 975
78 976
78 977
147 930
147 916
147 147
147 886
147 976
147 917
147 922
147 918
147 919
147 921
147 935
147 888
147 920
147 932
147 933
147 853
147 927
147 928
147 926
147 924
147 248
147 925
147 931
147 929
147 940
147 923
147 936
147 937
147 934
147 938
147 951
147 950
147 962
147 959
147 949
147 943
147 948
147 953
147 978
147 963
147 969
147 964
147 780
147 979
147 980
147 970
147 942
147 967
147 952
147 971
147 973
147 955
147 972
147 981
147 944
147 975
147 982
147 960
147 974
147 889
147 983
147 759
147 621
147 885
147 939
147 984
147 977
147 985
986 987
986 293
987 64
987 293
987 988
987 987
987 609
987 896
987 897
277 281
277 280
277 989
277 990
277 991
277 108
277 992
277 993
277 103
277 279
277 278
281 103
281 989
281 993
281 990
281 992
281 907
281 994
281 995
281 996
281 50
281 341
281 108
281 997
281 998
281 278
281 281
281 279
281 340
281 275
281 6
281 999
281 1000
629 309
308 105
308 323
308 324
308 98
308 117
308 311
1001 1002
1001 1003
1001 992
1001 907
1002 108
275 280
423 745
423 1004
745 64
745 724
255 865
255 1005
290 317
290 466
290 276
317 1006
317 1007
317 1008
317 1009
317 726
317 1010
317 302
1011 1012
1011 1013
1012 1013
1014 49
1014 59
49 331
49 1015
49 49
49 1016
49 1017
49 112
49 1018
49 1019
49 1020
49 687
49 1021
49 1022
49 1023
49 223
698 1024
698 698
55 154
55 55
55 1025
55 910
55 1026
55 911
55 912
55 404
55 1027
55 1028
55 509
55 301
55 739
55 1029
55 1030
55 316
55 129
55 1031
55 714
55 1032
55 1033
55 503
55 130
55 1034
55 731
55 388
55 1035
55 390
55 1036
55 59
55 610
55 188
55 607
55 1037
55 1009
55 1038
55 228
55 1039
55 1040
55 54
55 1041
55 1042
55 1043
55 640
55 634
55 1044
55 636
55 694
55 1045
55 1046
55 1047
55 650
55 156
55 744
55 1048
55 386
55 616
55 315
55 625
55 1049
55 861
55 267
55 730
55 623
55 1050
55 1051
55 1052
55 1053
55 1054
55 715
55 828
55 1055
55 1056
55 768
55 1057
55 465
55 209
55 1058
55 810
55 839
55 1059
55 1060
55 254
55 612
55 737
55 131
55 1061
55 1062
55 1063
55 293
55 1064
55 1065
55 266
55 1066
55 1067
55 1068
55 1069
55 1070
55 1071
55 1072
55 1073
55 1074
55 1075
55 1076
55 672
55 1077
55 1078
55 1079
55 1080
55 1081
55 1082
55 695
55 440
55 504
55 1083
55 1084
55 796
55 157
55 763
55 438
55 457
739 1085
739 63
739 739
739 253
739 783
739 314
739 5
9 754
9 1086
9 880
9 1087
9 223
9 1018
299 1088
897 1089
897 293
897 896
897 1090
897 718
897 1091
1089 896
130 901
130 1092
130 130
130 129
130 1093
130 54
130 257
130 131
901 902
901 276
901 116
901 1094
217 1095
217 736
217 1008
217 938
217 343
217 42
217 417
217 724
337 685
685 685
685 686
1096 784
1096 1027
1096 1097
784 1027
784 417
784 1098
784 784
10 44
116 1099
116 1020
116 992
116 907
116 1100
116 1101
116 994
116 995
116 36
116 116
116 1094
116 1018
1099 1094
1099 1099
1099 1102
1099 669
1099 880
1099 902
57 57
57 58
1103 1104
1103 427
1104 427
427 417
1105 1106
1105 1107
1106 882
1106 1108
1106 1109
1106 1110
1106 1111
1106 1048
1106 1106
1106 1112
1106 891
1106 1113
1114 1115
1114 1116
1114 80
1117 1118
1117 1119
1117 1117
1117 1112
1117 1120
1117 1121
1117 1109
1117 1122
1117 1123
1117 1124
1117 1125
1117 1126
1117 1127
1117 1128
1117 223
1118 1121
1118 1120
1118 223
1129 1130
1130 1130
1131 885
1131 1132
885 1132
885 944
885 777
885 886
885 976
885 977
885 985
1132 926
59 1015
59 1017
59 1016
59 1133
1015 1016
1015 108
1015 1134
1015 997
171 156
171 157
171 170
171 174
171 519
171 535
171 536
171 537
171 172
171 175
171 531
171 532
171 908
171 534
171 530
171 533
171 154
171 155
156 157
156 155
156 154
156 156
630 719
630 502
630 715
630 858
630 1135
719 1136
719 502
719 718
719 715
719 721
719 722
719 1137
719 1138
719 1139
719 1140
719 1141
719 796
719 441
719 718
66 300
67 300
67 67
69 244
69 69
69 249
69 234
69 1142
69 675
69 724
69 728
69 731
69 732
69 725
69 64
69 727
511 672
511 880
511 140
511 135
511 282
672 315
672 673
672 674
244 283
244 234
105 120
105 309
105 117
105 98
105 104
157 154
157 155
365 404
988 64
988 417
64 65
64 70
64 724
64 1143
64 751
64 752
64 64
64 213
64 545
64 205
64 544
64 789
64 548
64 564
64 550
64 546
64 556
64 601
64 756
64 793
64 560
64 577
64 595
64 553
64 563
64 592
64 600
64 561
64 549
64 594
64 206
64 554
64 576
64 582
64 517
64 551
64 565
64 572
64 42
64 1144
64 208
64 1145
64 1146
64 552
64 580
64 555
64 559
64 1147
64 587
64 1148
64 583
64 738
64 596
64 557
64 1149
64 792
64 567
64 588
64 575
64 581
64 599
64 785
64 558
64 569
64 788
64 214
64 578
64 800
64 591
64 1150
64 1151
64 586
64 1036
64 790
64 593
64 1152
64 574
64 1153
64 210
64 1154
64 415
64 585
64 1155
64 1156
64 1157
64 1158
64 221
64 757
64 606
64 775
64 589
64 1159
64 1076
64 742
64 1160
64 570
64 283
64 579
64 1161
64 416
64 856
64 1162
64 598
64 1163
64 814
64 1079
64 781
64 434
64 218
64 1164
64 1165
64 638
64 644
64 1027
64 604
64 717
64 749
64 477
64 1166
64 854
64 1167
64 852
64 649
64 1168
180 177
180 176
180 185
293 714
293 283
293 1088
293 896
293 293
293 294
293 726
293 853
293 152
293 303
293 267
293 1169
293 295
293 266
733 887
733 1170
733 928
733 1135
245 1142
245 282
164 267
173 151
173 188
173 189
173 187
173 150
173 149
173 135
1171 294
1171 124
294 1088
294 124
294 267
294 294
294 295
294 301
98 325
98 503
98 324
98 323
98 117
98 111
98 311
865 1172
865 1006
865 865
865 1173
865 65
754 1174
1086 938
65 70
65 65
65 1175
70 1176
304 1177
304 121
304 204
304 307
115 722
115 114
115 268
115 257
115 1178
115 223
722 114
722 722
722 1179
722 1178
722 857
722 124
722 1180
722 795
722 742
722 771
722 1181
722 1182
722 755
722 803
722 674
722 1183
722 432
722 856
722 750
722 767
722 454
722 715
722 862
722 153
722 1184
722 457
722 1052
722 1185
722 221
722 806
722 692
722 1167
722 1186
722 665
722 749
722 1187
722 689
722 1141
722 268
684 352
686 223
63 1188
63 63
63 938
63 257
63 223
63 71
63 44
63 1189
63 1175
1190 1191
1190 1192
1190 1193
1190 1194
1190 1097
1190 223
1191 1192
1191 1195
1191 882
1191 938
1191 355
1192 1194
1192 485
1192 1097
1192 223
282 175
282 1196
282 1197
282 690
282 310
282 1198
282 1199
282 284
282 26
282 911
282 301
282 154
282 196
282 124
175 174
175 534
175 175
175 36
175 1200
175 170
1197 1201
690 223
310 618
310 1202
310 90
310 1203
310 223
1199 223
1140 715
1140 172
1140 1204
1140 1204
1140 1205
1140 292
1140 20
1140 1018
715 1136
715 1139
715 1138
715 292
715 502
715 718
715 1137
715 1206
715 1135
715 1091
715 1207
715 1208
715 223
715 721
715 1209
715 718
1136 441
1136 519
1136 172
1136 1210
1136 1139
1136 20
1136 502
1136 1138
1136 1137
1136 721
1136 1204
1136 718
1136 498
1136 457
441 721
441 1137
441 1138
441 1139
441 223
441 796
519 174
519 536
519 172
519 534
519 36
519 1200
519 535
172 174
172 534
172 530
172 533
172 539
172 170
172 908
172 536
172 172
172 535
103 53
103 374
103 993
103 103
103 278
103 280
103 50
103 668
989 993
989 991
989 880
989 1211
993 990
993 991
993 374
993 280
993 1211
1111 882
1111 1212
1111 1213
1111 1214
1111 1048
1111 1215
1111 1216
1111 1217
1111 1218
1111 1219
1111 1109
1111 891
1111 1220
1111 1221
1111 1222
1111 1108
1111 1223
1111 1224
1111 1225
1111 1226
1111 1227
1111 1228
1111 1229
1111 80
882 1108
882 891
882 1230
882 1221
882 1220
882 1107
882 1109
882 1048
882 1110
882 1231
882 1232
882 1233
882 1234
882 1235
882 1229
882 1113
882 355
882 22
882 671
882 900
882 223
882 80
1212 1216
1212 1225
1212 1215
1212 1213
1212 1217
1212 1214
1212 1236
1212 1237
1212 1229
1212 1238
1213 909
1213 1238
1213 1229
1048 1108
1048 891
1048 1230
1048 1221
1048 1220
1048 1107
1048 1109
1048 1110
1048 1232
1048 1113
1048 223
1216 1229
1216 1217
1225 1229
1225 1217
1217 1228
1217 1229
1217 1226
1217 1233
1217 1239
1240 1240
129 1092
992 907
992 994
992 1101
992 995
992 992
992 1100
992 154
907 1100
907 1101
907 994
907 995
907 907
907 36
907 1241
994 1101
994 1100
994 995
1100 1101
1100 995
1101 995
1101 223
174 536
174 535
174 537
174 531
174 532
174 908
174 534
174 530
174 533
174 540
174 721
174 174
174 1242
174 170
174 36
174 1200
536 531
536 534
536 536
536 340
536 36
536 1200
536 535
1116 1243
253 1188
253 314
253 1244
253 1007
253 1008
253 315
253 316
253 782
253 1172
253 726
253 1245
253 254
253 297
1188 783
1188 1246
314 314
314 254
314 1189
990 938
990 991
990 1211
990 1020
990 278
990 280
990 990
1210 502
1210 718
1210 721
1210 1206
1210 1138
1210 1139
1210 1247
1210 1248
1210 1249
1210 498
1210 718
736 1250
736 712
736 1251
736 628
736 343
712 1250
712 735
712 1018
991 991
991 1211
991 280
1252 1253
1252 1254
1252 213
1252 1005
1252 1252
1253 1255
1253 1256
1253 1257
1253 1087
1253 17
1253 1254
944 886
1108 891
1108 1230
1108 1109
1108 1110
1108 1107
1108 1220
1108 1221
891 1109
891 1110
891 1258
891 1233
891 213
891 762
891 1230
891 1220
891 1107
891 1221
891 1234
1230 1109
1230 1110
1221 1109
1221 1110
1221 223
1220 1109
1220 1110
1109 1233
1109 1234
1109 1107
1109 1110
1109 1112
1109 213
1107 1110
1107 1112
1107 1113
36 902
36 276
36 903
36 530
36 531
36 532
36 533
36 534
36 535
36 537
36 538
36 539
36 170
36 540
36 541
36 388
36 1259
36 1260
36 343
902 1094
902 1018
902 1097
284 284
284 1142
1139 1138
1139 1206
1139 1208
1139 1207
1139 472
1139 718
1139 463
1139 475
1139 498
1139 1187
1139 796
1139 1261
1139 1141
1139 457
1139 795
1139 1262
1139 1263
1139 1264
1139 211
1139 1265
1139 1266
1139 1267
1139 1268
1139 1269
1139 1270
1139 1271
1139 1248
1139 1272
1139 1249
1139 1273
1139 1274
1139 1247
1139 223
1139 695
1275 1276
1275 1277
1275 1278
1275 1279
1275 20
1275 996
1275 223
1276 1278
1276 1277
1277 1278
1280 1280
1280 1281
170 1200
170 1018
276 1282
276 279
502 858
502 718
502 646
502 717
502 647
502 517
502 1283
502 502
502 1284
502 1135
502 875
502 417
502 718
42 1285
42 205
42 206
42 560
42 567
42 207
42 208
42 209
42 214
42 309
42 1238
42 724
42 80
777 1286
777 1201
777 33
777 1287
777 343
1233 1110
1234 1110
1110 1112
1288 880
1288 1102
880 880
880 1289
880 1290
880 1291
880 1102
880 1094
880 1292
880 1293
880 1294
880 1295
880 1296
880 1297
880 1298
880 669
880 879
880 1299
880 665
880 1300
880 1301
880 464
880 841
880 1302
880 1303
880 1304
880 1305
880 1306
1289 1102
1289 1307
1290 1102
1290 53
1290 668
1102 670
1102 1094
1102 669
1102 1177
1102 1308
1102 1299
1102 1293
1102 1295
1102 1309
1102 1310
1102 1102
1102 1311
1102 1312
1102 1292
1102 1313
331 1314
1204 223
292 20
292 223
292 1315
292 388
292 292
101 50
1316 1316
1316 1317
1317 1317
398 398
398 388
124 44
124 1318
124 13
124 1319
124 47
124 724
124 124
124 426
124 1320
125 223
126 80
531 534
531 1200
1321 153
153 1322
153 1323
153 223
153 417
906 1324
906 1325
906 512
906 1326
906 1327
906 35
906 1032
906 223
906 1328
1324 1325
1324 512
1324 1326
1324 35
1324 223
1324 1329
1324 1328
1325 1032
1325 910
512 154
512 1330
512 910
512 1032
512 223
1326 223
1322 1242
1322 1323
1322 1331
1242 1331
1242 1332
1323 673
1323 674
1251 802
899 899
899 621
1333 1334
1333 1335
1336 1337
783 783
1244 1245
714 300
714 249
714 302
714 1245
714 266
714 267
714 301
714 714
714 875
714 417
714 1338
1339 1339
1339 321
1195 1231
1195 1340
1195 355
1195 900
1195 1238
1340 1238
916 888
916 919
916 921
916 937
916 1341
916 927
916 926
916 930
916 929
916 1342
916 920
916 932
916 248
916 928
916 935
916 918
916 632
916 917
916 933
916 925
916 967
916 959
916 951
916 952
916 970
916 936
916 1343
916 853
916 949
916 916
916 940
916 1344
916 886
916 950
916 934
916 943
916 980
916 1345
916 1346
916 924
916 981
916 1203
916 976
916 984
916 977
916 985
888 886
888 976
888 984
888 977
919 1285
919 886
919 976
919 984
919 977
919 985
921 886
937 886
927 886
927 976
927 984
927 977
927 985
926 926
926 886
926 976
926 977
926 985
926 923
930 886
930 976
930 984
930 977
930 985
929 886
71 1347
71 44
71 1348
71 71
283 267
283 399
283 1349
283 1350
283 724
297 1351
297 1352
297 298
297 256
1352 367
1311 1310
1311 1312
1311 1309
1311 121
1310 1353
1310 121
1310 204
1310 1354
1312 121
1312 1354
1309 1353
1309 1177
1309 1354
670 1354
670 121
670 307
670 1355
670 1138
670 1177
670 1308
1008 318
1008 1246
1285 1356
1285 1357
1285 1358
1285 935
1285 918
1285 632
1285 917
1285 922
1285 933
1285 925
1285 936
1285 967
1285 959
1285 951
1285 974
1285 952
1285 970
1285 853
1285 949
1285 928
1285 1285
1285 1359
1285 1360
1285 1361
1285 1362
1285 977
1285 985
708 708
708 996
708 223
708 1241
996 996
996 938
996 109
996 707
996 223
1093 913
1093 914
628 309
1363 102
1363 1364
1363 1363
1363 1365
1363 1366
1363 1367
1364 1364
1364 1365
379 185
379 379
185 380
185 404
185 183
380 380
404 912
381 191
384 1368
386 301
386 1173
386 1369
386 1370
387 507
387 1371
387 1372
387 506
387 1373
387 1374
387 1375
387 1376
387 1377
387 387
387 1378
387 1379
387 1380
387 223
388 401
388 1381
388 448
388 1382
388 1383
388 1384
388 1385
388 1386
388 1387
388 1388
388 405
388 896
388 1389
388 1390
388 1391
390 1392
391 499
391 417
391 496
4 267
4 309
4 26
392 342
392 343
392 309
392 307
394 252
394 1393
397 183
1394 1007
1394 1281
1394 1395
1007 318
664 1396
1396 1397
1396 417
1398 1398
1398 1399
1398 1241
1398 1400
1398 1401
1398 1402
1398 1403
1398 1404
1398 104
1399 1403
1399 1405
1399 1406
1399 1399
1399 1241
1399 1400
1399 1404
1399 1401
1399 1402
1399 1407
1241 1403
1241 1400
1241 1404
1241 1241
1241 1402
1241 1401
1241 1408
1400 1403
1400 1400
1400 1404
1400 1402
1400 1401
1401 1403
1401 1405
1401 1406
1401 1407
1401 1404
1401 1401
1401 1402
1402 1403
1402 1404
1403 1403
1403 1404
1404 1404
1405 1405
1405 1406
1405 1407
1406 1407
1407 1407
913 1409
913 913
913 1410
913 1411
913 1412
913 1413
913 1414
913 1415
913 914
1409 914
1410 914
1411 914
1412 914
1413 914
1414 914
1415 914
914 914
1416 1417
1416 1416
900 355
900 1418
900 611
177 182
177 176
176 182
1419 750
750 1420
750 1421
750 1422
750 1423
750 1424
750 223
1279 223
938 448
938 1425
938 463
938 87
938 1426
938 1000
938 1427
938 479
938 135
938 1428
938 1429
938 1430
938 1431
938 1432
938 932
938 663
938 886
938 6
448 448
448 571
1425 887
463 1137
463 1138
463 223
463 1266
463 796
463 1187
87 83
1426 1426
1000 1433
1427 223
479 223
479 417
135 138
135 135
135 140
135 137
135 139
135 191
135 152
1429 1434
1429 266
1429 920
1429 1435
1430 223
1431 1436
1432 1437
1432 270
932 886
932 976
932 984
932 977
932 985
663 711
663 1329
571 1281
571 1395
571 1259
354 1281
1438 1439
1440 1441
1440 1442
26 1443
26 26
26 1026
26 709
26 1444
26 1408
26 1385
535 534
535 532
535 1200
537 534
537 1200
532 534
532 1200
532 532
908 534
534 530
534 533
534 1200
530 533
530 1200
533 1200
355 1418
355 355
355 881
355 611
539 1200
539 668
1045 1445
1045 1082
1045 1058
1045 223
1445 1058
1445 1082
1082 223
1082 1446
1058 223
1017 1447
1016 997
1094 1094
1094 669
1138 721
1138 1141
1138 1187
1138 457
1138 796
1138 795
1138 1248
1138 718
1138 472
1138 475
1138 1263
1138 1266
1138 1268
1138 1262
1138 1261
1138 211
1138 498
1138 1264
1138 1247
1138 1269
1138 1267
1138 1265
1138 1270
1138 1273
1138 1274
1138 1448
1138 1271
1138 1272
1138 223
14 1286
14 1201
14 1281
14 1287
920 886
920 976
920 984
920 977
920 985
920 970
920 889
920 952
920 974
920 1435
248 886
248 976
248 977
248 985
928 886
928 976
928 984
928 977
928 985
540 1200
1449 237
237 1450
1246 1451
1246 1027
1246 5
252 1452
252 1453
252 1068
252 254
252 1393
44 903
44 15
44 1173
104 268
104 506
104 507
104 223
104 104
104 353
104 509
735 1201
735 1286
735 1454
399 223
399 417
1455 1456
1455 223
280 278
1120 1457
1120 1458
1120 1459
1120 1460
1120 869
1120 870
1120 223
1120 871
1120 872
1457 1121
1457 869
1457 870
1457 871
1457 872
1121 1459
1121 1458
1458 257
315 316
315 315
316 316
154 1028
154 119
154 509
154 1461
154 1462
154 1463
154 1464
154 1465
154 1466
154 912
154 1467
154 155
1028 509
1254 17
1254 213
1254 1005
1254 1254
858 646
858 724
646 1135
646 1299
333 1463
1318 903
1318 1018
358 1023
358 119
1023 6
20 107
20 109
20 1027
20 1298
20 223
1460 869
1460 870
1460 223
1460 871
1460 872
1468 1469
1469 1469
6 1470
6 1471
6 1472
6 342
6 1473
6 6
318 782
318 1172
1353 1354
1354 669
1354 1474
1354 1475
1354 1177
1354 1476
1354 1477
107 223
1328 1329
1328 223
1329 223
1478 1365
1478 34
1365 1365
1479 1480
669 1475
669 1476
669 1477
1451 1027
1451 485
694 694
694 223
1481 720
1481 309
720 721
720 309
720 945
720 1482
1003 108
109 35
109 109
1483 1484
1483 1485
1013 1486
1013 1487
1488 303
1489 600
1489 756
1489 593
600 1368
600 751
600 724
600 80
756 1368
593 724
997 223
1142 1142
1420 1421
1420 1420
1421 1422
1421 1490
879 212
212 343
212 342
212 265
212 1368
212 1491
212 80
1492 1493
1492 1494
1492 1495
1492 1496
1494 223
1495 223
17 1005
17 17
1497 1498
1497 1497
1497 1499
1498 1498
1498 1499
108 53
334 1463
718 721
718 1091
718 1137
718 875
718 498
718 1141
1193 1193
1193 1500
1193 223
904 1501
1501 1502
1501 1503
1501 1504
1505 1505
711 223
1009 319
35 1506
35 1507
35 1508
1137 457
1137 1141
1137 1187
1137 796
1137 795
1137 472
1137 1262
1137 1263
1137 211
1137 1268
1509 47
1509 1510
47 1511
47 1512
47 1062
47 1510
47 80
375 374
374 50
374 1319
1513 1514
1514 1515
1514 1423
1307 1018
1200 340
1200 538
1200 541
138 140
138 139
138 138
140 139
140 1516
1517 58
1286 1518
1286 1519
1286 1520
1286 1521
1286 33
1286 751
1286 1287
1308 887
1358 207
1358 1522
1358 985
339 1523
339 223
1524 1525
1524 1526
1524 1524
1525 1526
1525 1527
1525 1525
1525 1528
1526 1527
1526 1526
1526 1528
1527 1527
1527 1529
1527 1530
935 1434
935 886
935 976
935 984
935 985
918 1434
918 886
918 976
918 985
632 1434
917 1434
917 886
917 976
917 985
933 1434
933 886
925 1434
925 886
925 976
925 984
925 977
925 985
967 886
967 976
967 977
967 985
959 886
959 976
959 977
959 985
951 886
951 976
951 977
951 985
952 886
952 976
952 977
952 985
970 886
970 976
970 977
970 985
936 886
1343 976
1343 985
853 886
853 976
853 984
853 977
853 985
853 223
949 886
949 976
949 977
949 985
940 886
886 934
886 931
886 886
886 923
886 924
886 621
886 981
886 943
886 942
886 961
886 971
886 922
886 780
886 939
886 974
886 889
886 979
886 950
886 948
886 969
886 960
886 955
886 962
886 964
886 973
886 963
886 953
886 983
886 975
886 980
886 972
886 48
886 941
886 483
886 982
886 978
886 976
886 984
886 977
934 976
934 984
934 977
922 1434
1359 985
1360 985
1361 1531
1361 985
1362 985
665 265
665 724
666 80
1194 223
1532 1533
1533 223
213 343
213 342
213 265
213 1368
213 1238
213 751
213 724
762 223
762 1281
323 324
323 117
324 117
114 1178
114 268
114 223
737 1534
737 23
410 1535
726 1282
726 320
1010 1536
717 1135
717 724
717 1537
647 1135
647 724
517 204
517 1368
517 1238
517 724
343 342
343 205
343 206
343 560
343 567
343 207
343 208
343 209
343 210
343 211
343 214
343 215
343 216
343 218
343 220
343 221
343 222
343 223
343 1538
343 707
343 343
343 1076
342 210
342 211
342 214
342 216
342 1166
342 218
342 219
342 757
342 220
342 221
342 222
342 1539
342 1540
342 1541
342 1542
342 1543
342 1544
1201 1545
1201 1546
1201 1547
1201 1521
1201 33
1201 751
1201 1519
1201 1454
1201 1395
1201 1548
121 204
121 1549
121 1181
121 1167
121 749
204 1550
204 1551
204 814
204 849
204 1552
204 1553
204 1554
1181 1238
1167 223
749 875
749 223
749 417
178 738
738 223
738 724
721 472
721 1261
721 795
721 457
721 475
721 1448
721 309
721 945
721 1209
472 475
1261 223
795 1141
795 1187
795 457
795 796
457 223
457 417
457 1141
457 1187
475 498
1206 1206
194 197
194 198
194 195
194 196
194 1555
197 196
198 196
195 196
195 195
187 1535
1463 335
1463 336
335 1462
336 1462
497 1556
309 945
309 265
309 619
309 1557
309 610
309 1062
309 621
309 1051
309 1558
309 543
309 1559
309 468
309 604
309 623
309 1560
309 229
309 1561
309 1562
309 625
309 638
309 503
309 1563
309 615
309 616
309 617
309 1564
309 637
309 1037
309 844
309 1565
945 1464
945 945
111 325
111 117
111 311
1392 1392
1135 1284
1135 1283
1135 266
1135 267
1284 266
1284 724
259 258
258 265
258 269
258 223
258 270
1281 732
1281 1161
1281 1145
1281 766
621 417
1566 643
1566 1567
643 1568
1173 301
1391 1299
1299 483
1299 763
54 131
182 1068
1519 1287
366 366
366 727
366 673
366 724
1569 296
1569 1287
1569 1570
278 998
278 341
278 279
278 509
279 338
483 266
483 976
483 984
483 977
483 985
483 417
841 223
1229 1238
1223 1238
1224 1238
673 673
673 223
673 417
674 223
674 417
674 724
1571 1572
1287 1573
1287 887
1570 417
1574 1574
321 321
50 668
896 1090
896 1575
896 1374
1576 1577
1577 1578
1579 1580
1087 223
1581 1582
1583 218
218 1368
218 724
218 1584
218 80
1585 231
1585 662
1585 892
1585 1586
231 160
231 1587
231 1586
662 160
662 1587
662 1586
707 257
707 223
707 707
707 25
1521 33
1521 869
33 1588
33 869
33 1589
33 724
751 724
751 752
751 1143
751 751
751 561
751 544
751 575
751 746
751 1147
751 208
751 559
751 596
751 1159
751 775
751 1590
751 564
751 689
751 560
751 1158
751 1145
751 563
751 548
1588 869
869 1591
869 872
869 1592
869 1593
869 870
869 1594
869 1595
869 1596
869 1597
869 1598
869 1599
869 1600
869 1601
869 1602
869 691
869 692
869 1603
869 223
869 871
1589 1604
1589 1605
1589 1606
1589 1607
1589 1608
1589 1609
1589 1610
1589 1611
1589 1612
1589 257
727 727
727 1516
1434 1434
1434 1435
1434 1613
1434 1614
1434 982
1434 960
1434 1615
1434 1616
1435 889
1030 909
1030 301
909 301
1018 1617
1018 1618
1018 223
1018 1209
1018 1619
1018 1620
1018 1423
1621 1622
1621 223
1621 80
1319 1623
1319 1624
1319 1625
1319 1626
1623 1624
1624 1237
1624 1625
1624 1626
1237 223
1237 417
1626 223
1627 1628
1627 1629
1630 1631
1631 887
1068 1393
268 1178
1203 1632
1551 417
814 223
849 223
849 417
849 849
112 1019
1019 1633
1634 1634
1635 1636
1636 223
1122 1123
1122 1637
1122 1373
1122 1374
1122 1124
1122 1375
1122 1377
1122 1379
1122 1376
1122 1125
1123 1123
1123 1637
1123 1373
1123 1374
1123 1124
1123 1375
1123 1376
1123 1377
1123 1379
1123 1125
1123 223
1637 1124
1637 1125
1637 223
1373 507
1373 1124
1373 1125
1373 1380
1373 1371
1373 223
1374 507
1374 1124
1374 1125
1374 1380
1374 1371
1374 223
1124 1124
1124 1375
1124 1376
1124 1377
1124 1379
1124 1125
1375 507
1375 1125
1375 1380
1375 1371
1375 223
1377 507
1377 1125
1377 1380
1377 1371
1377 223
1379 507
1379 1125
1379 1380
1379 1371
1379 223
1376 507
1376 1125
1376 1380
1376 1371
1376 223
1125 1125
507 1371
507 1372
507 506
507 1378
507 1380
507 223
1371 1380
1371 1371
1371 1372
1371 506
1371 1378
1371 223
1372 1380
1372 223
506 1380
506 223
1378 1380
1378 223
1380 223
1506 1506
1506 1508
257 892
257 1638
257 1330
257 1607
257 1609
257 1608
892 893
892 692
892 691
892 1609
892 1639
892 894
892 1605
892 1330
892 892
892 223
1638 1640
1638 1638
1638 1433
77 223
235 1641
1642 756
1642 1643
756 1368
756 724
340 671
1172 1175
1528 1644
160 48
1587 485
1587 48
1587 1367
1587 1366
946 702
946 946
702 702
509 119
509 508
485 48
485 485
485 1645
485 757
485 1646
485 856
485 1647
48 1646
757 724
1646 1538
1646 1646
856 724
191 1648
191 1649
191 1650
1507 1651
267 295
267 859
267 1652
267 604
267 622
267 1653
267 146
267 1069
267 445
267 824
267 755
267 758
267 1141
267 579
267 1059
267 607
267 228
267 1654
267 301
1655 1655
1032 910
1032 1535
1032 1032
510 1500
1656 1656
893 893
893 692
893 691
893 1609
893 1639
893 894
893 1605
893 1330
893 223
692 870
691 367
691 870
691 724
1609 894
1609 1126
1609 1639
1639 894
894 894
1330 1657
1330 1259
205 265
205 1368
205 724
205 80
206 265
206 724
206 80
560 265
560 1368
560 724
560 1259
560 80
567 724
207 80
208 265
208 1368
208 724
208 80
209 1658
210 265
210 724
214 724
214 1259
1166 724
218 1368
221 265
221 875
221 417
221 724
514 516
516 516
520 367
520 724
254 223
1126 1659
1126 1575
1659 223
1327 1660
1327 1661
1327 223
1660 223
609 223
1662 1663
307 117
307 825
307 840
307 229
307 433
307 307
80 90
80 618
80 1664
80 1665
80 562
80 1062
80 575
80 1666
80 594
80 557
80 548
80 550
80 794
80 586
80 564
80 543
80 599
80 603
80 584
80 1667
80 789
80 552
80 1668
80 1669
80 1670
80 545
80 563
80 589
80 828
80 1671
80 592
80 574
80 790
80 1202
80 1672
80 1512
80 544
80 1158
80 1673
80 1049
80 554
80 576
80 566
90 83
668 1674
771 771
649 724
689 223
689 452
718 498
718 1141
1529 1529
1529 1530
1530 1675
524 522
526 1676
1676 522
367 367
367 1677
367 1678
367 1679
367 1680
367 1681
543 265
543 653
543 1682
265 265
265 544
265 545
265 564
265 546
265 546
265 546
265 554
265 603
265 549
265 1145
265 557
265 557
265 576
265 548
265 562
265 575
265 585
265 569
265 599
265 553
265 553
265 566
265 1159
265 547
265 582
265 601
265 587
265 570
265 570
265 597
265 415
265 555
265 586
265 586
265 573
265 574
265 551
265 558
265 568
265 560
265 581
265 561
265 550
265 550
265 559
265 552
544 1368
544 724
545 1683
545 1491
545 724
546 724
548 724
549 1368
549 724
550 223
550 724
551 724
552 724
553 223
553 724
554 724
550 223
555 724
556 724
556 1657
557 1368
557 724
557 1368
558 724
559 724
560 1368
561 724
562 724
563 1368
563 724
564 1683
564 724
569 724
570 724
572 724
573 724
574 724
575 1368
575 724
576 1368
576 724
577 724
578 724
579 266
579 724
580 724
581 724
434 417
434 724
582 1368
582 724
583 724
584 875
584 724
585 1368
585 724
586 724
587 724
588 1683
588 724
589 724
565 724
590 223
591 724
592 724
594 1683
594 724
595 724
595 1684
596 724
598 724
599 724
601 724
602 724
603 223
1145 724
1159 1368
1159 724
415 724
604 266
604 724
605 724
606 1238
606 724
416 724
607 266
1679 1388
1685 1686
1687 1165
1165 724
618 1202
1090 1688
1688 223
22 1689
22 1690
266 798
266 1691
266 1692
266 1693
266 1453
266 1694
266 432
266 445
266 1654
266 1695
266 1653
266 875
1692 223
1693 1238
1453 1393
432 417
445 417
1653 875
1653 223
859 1696
859 875
146 875
755 875
758 417
758 724
1141 1265
1141 1187
1059 223
1059 724
228 223
1091 1697
1573 1698
301 1369
1350 1699
325 223
34 34
1179 724
1178 223
857 724
742 724
1182 223
1182 417
1182 724
803 223
1183 724
454 223
454 417
862 223
1052 223
1052 417
1187 1263
1700 1701
1702 1683
1702 724
1683 789
1683 724
1703 1704
1703 887
1705 1706
796 1368
796 1266
1263 1266
1263 1272
1268 1272
1591 1596
1591 1602
1591 1598
1591 870
1591 871
1591 872
1596 870
1596 871
1596 872
1602 870
1602 871
1602 872
1598 870
1598 871
1598 872
1707 818
1707 1708
1266 1271
1272 223
1422 1709
1537 1537
1537 467
1537 1710
1537 1470
1537 1711
1537 1473
1537 1454
467 223
1710 887
1452 1393
1491 1712
1491 772
1712 223
976 976
976 984
976 977
976 971
976 985
976 889
976 1713
344 345
344 346
345 346
648 875
889 977
889 985
458 223
424 223
424 417
424 724
433 417
420 887
420 417
500 887
500 417
954 773
954 954
956 417
957 223
957 417
430 223
430 417
439 223
439 417
450 417
968 875
968 223
971 977
971 985
984 984
977 977
977 985
977 1714
985 985
985 1713
1715 1515
1515 875
1368 781
1368 1423
1368 800
1368 1716
1368 1717
1368 1424
1368 1718
1368 1719
1368 1720
781 724
1423 1716
1423 1720
1423 1041
1423 1424
800 724
1716 1424
1716 1720
1716 1041
1424 1720
1720 1041
1041 223
1062 1510
638 724
503 417
637 724
844 1259
624 1721
636 724
442 417
644 724
1722 1722
1611 1127
1611 1128
872 870
872 223
872 871
872 1600
872 1595
872 1593
872 1601
872 1592
872 1599
872 1594
872 1597
1592 870
1592 871
1593 870
1593 223
1593 871
870 870
870 1594
870 1595
870 1597
870 1599
870 1600
870 1601
1594 871
1595 223
1595 871
1597 871
1599 871
1600 223
1600 871
1601 871
1661 223
887 1723
887 1724
887 1725
887 1726
887 1727
887 1728
887 1729
887 1730
887 1731
887 411
887 1732
887 1733
887 1734
887 1735
887 1736
887 1737
887 1738
887 1739
887 1740
887 1741
887 1742
887 1743
887 1744
887 1745
887 1746
887 1747
887 1748
887 1749
887 1750
887 1751
887 1752
887 1753
887 1754
887 1755
887 1756
887 1757
887 1758
887 1759
887 1760
887 1761
887 1762
887 1763
887 1764
887 1765
887 1395
887 1766
887 1767
887 1768
887 1769
887 1770
887 473
887 1771
887 1772
887 1773
887 1774
887 1775
887 1776
887 1777
887 1778
887 1779
887 1780
887 1781
887 1782
887 1783
887 1784
887 1785
887 1786
887 541
887 1787
887 1788
887 1789
887 1790
1732 417
1733 1733
1761 1761
1617 875
875 1791
875 875
875 1792
875 478
875 1040
875 1066
875 1793
1791 223
1791 417
1792 223
478 417
1040 223
1066 223
1066 417
1793 223
1793 417
401 401
401 402
1794 1795
499 417
1649 1650
1649 1648
1650 1648
1127 1796
1127 1128
1127 1797
1127 1798
1796 1128
1128 1797
1128 1798
155 155
1454 1799
1454 1800
1575 223
1801 1802
1369 1370
1803 1804
1803 1721
1804 1721
1804 1805
1721 1805
773 773
183 183
687 223
1021 223
1806 1806
1807 1808
1807 1809
223 223
223 1810
223 1590
223 1811
223 1812
223 1813
223 1814
223 1815
223 1816
223 1817
223 1818
223 465
223 864
223 748
223 1819
223 1820
223 1821
223 1805
223 1822
223 1823
223 696
223 1824
223 1825
223 1826
223 1827
223 1828
223 1829
223 1830
223 1831
223 488
223 1832
223 1833
223 1834
223 1835
223 1836
223 1837
223 504
223 1838
223 1839
223 1840
223 1841
223 1842
223 1843
223 1844
223 1845
223 477
223 1846
223 1847
223 1848
223 799
223 1367
223 1849
223 688
223 481
223 1850
223 1851
223 118
223 1852
223 779
223 418
223 1853
223 1854
223 1855
223 1856
223 1857
223 1084
223 1858
223 1859
223 1163
223 1860
223 1861
223 1862
223 505
223 1482
223 1863
223 1864
223 1865
223 1866
223 1867
223 1868
223 1869
223 1870
223 37
223 1871
223 1872
223 1873
223 1874
223 1875
223 1876
223 1877
223 1878
223 1879
223 831
223 1880
223 1881
223 1882
223 1883
223 1884
223 491
223 1885
223 494
223 1886
223 1887
223 1888
223 1889
223 1890
223 444
223 476
223 1891
223 1892
223 1893
223 1894
223 1895
223 1896
223 810
223 1897
223 1898
223 1899
223 1900
223 501
223 1901
223 1902
223 1903
223 1904
223 854
223 772
223 1146
223 775
223 1905
223 1906
223 1672
223 1907
223 1038
223 1908
223 1157
223 793
465 417
465 724
748 417
1819 1828
488 417
1833 417
504 417
477 417
477 724
1367 1366
481 417
418 417
505 417
1865 417
1870 417
1877 417
831 417
1884 417
444 417
476 417
810 417
501 417
854 724
1146 724
775 724
1157 724
793 724
417 496
417 1909
417 1079
417 480
417 822
417 1910
417 1911
417 1912
417 1913
417 489
417 1914
417 449
417 730
417 426
417 1050
417 1915
417 482
417 1916
417 1170
417 1917
417 471
417 1918
417 1919
417 811
417 747
417 1920
417 446
417 462
417 1921
417 440
417 1922
417 1923
1079 724
419 724
158 158
522 522
840 724
752 724
760 1238
760 724
764 1924
774 724
788 724
790 724
792 724
797 797
802 1925
802 802
829 724
855 855
1926 1927
1928 1929
1930 1931
1238 1932
1238 1238
1036 724
1036 1259
1065 724
1076 724
1511 1510
1512 1510
1510 1510
724 1143
724 724
724 1147
724 1144
724 1148
724 1933
724 1151
724 1149
724 1153
724 1934
724 1158
724 1152
724 1935
724 1168
724 1154
724 1156
724 1164
724 1162
724 1936
81 83
82 83
83 83
83 84
83 85
83 86
83 88
83 89
83 91
83 92
83 1937
1684 1684
1331 1332
25 1938
709 709
1470 999
1470 1259
1538 1260
1538 1538
1260 1260
1260 999
1381 1939
1940 1940
1174 1640
1174 1174
1941 1942
1259 1259
1259 1433
1925 1925
1943 1944
1945 1946
1947 1947
1948 1949
1949 1949
1950 1658
1950 1950
1951 1951
1388 1952
1490 1490
1953 1953
1954 1954
1955 1955
1956 1957
1958 1958
1959 1959
1960 1960
1961 1961
1962 1962
1963 1963
1964 1964
1965 1966
1967 1968
1969 1969
1433 1433
1970 1970
1971 1971
1972 1972
1973 1973
1366 1366
1974 1975
1976 1977
1978 1979
1699 1980
1699 1699
1629 1629
1981 1982
