1982 2
263 -0.783643 -0.403165
669 -0.823419 -0.419039
1102 -1.36693 -0.328178
1712 -0.48996 -0.265639
223 -3.33208 -1.30524
1494 -0.702523 -0.0430476
15 -0.515924 -0.382101
2 -1.29276 -0.770389
16 -0.385463 -0.0432923
121 -0.920062 -0.579577
1312 -0.501916 -0.192485
1354 -1.10522 -0.660871
1490 -0.696097 -0.235004
1421 -0.786454 -0.564785
750 -0.677286 -0.365831
459 -0.237403 -0.309702
225 -2.59809 -1.47288
491 -0.342571 -0.146898
622 -0.322285 -0.247131
542 -2.26013 -1.30053
229 -0.434918 -0.390956
861 -0.360556 -0.292378
24 -3.01192 -1.64977
815 -0.222301 0.0171328
1122 -0.813067 -0.519589
1373 -0.557313 -0.515121
1371 -0.754734 -0.308953
964 -0.454083 -0.283582
886 -1.55884 -0.732319
885 -0.671412 -0.375514
503 -0.422754 -0.369381
417 -2.50624 -1.1702
822 -0.433709 -0.180855
1013 -0.977454 -0.573095
1486 -0.695776 -0.236804
467 -0.566428 -0.0543024
470 -0.281631 -0.285708
1951 -0.544082 -0.478623
517 -0.769059 -0.117665
841 -0.463151 -0.0628718
636 -0.388303 -0.141263
724 -2.35447 -1.10524
800 -0.520977 -0.0801466
155 -0.685102 -0.291312
156 -0.655541 -0.309319
113 -0.48191 -0.599971
1088 -0.625531 -0.458846
294 -0.947476 -0.256732
301 -0.836429 -0.504111
1360 -0.38394 -0.240525
985 -1.05221 -0.642628
917 -0.452649 -0.416482
1211 -0.504489 -0.319865
989 -0.733777 -0.259113
277 -0.680246 -0.569491
1010 -0.725297 -0.234129
1536 -0.7664 -0.292764
1242 -0.683314 -0.525676
1332 -0.527512 -0.320587
466 -0.409488 -0.450767
290 -0.505514 -0.194288
202 -0.828103 -0.537226
236 -0.499252 -0.461828
253 -1.3463 -0.51687
1188 -0.595085 -0.174298
63 -0.562077 -0.54169
1553 -0.179608 -0.139385
204 -1.22893 -0.434531
1554 -0.426885 -0.167584
1054 -0.459049 0.0300021
55 -2.45384 -1.2478
1079 -0.4632 -0.231565
1678 -0.397117 -0.151699
367 -1.26235 -0.592529
230 -0.430211 0.070208
199 -1.29247 -0.898369
181 -0.531125 -0.439906
168 -0.968559 -0.51509
1970 -0.899254 -0.216772
954 -0.595375 -0.0795007
773 -0.701038 -0.188558
125 -0.577724 -0.0221375
807 -0.315664 -0.280484
1524 -0.730052 -0.0315507
1526 -0.674013 -0.505265
1244 -0.418366 -0.318251
1245 -0.470282 -0.373782
328 -0.446877 -0.270397
306 -1.07147 -0.537238
111 -0.592699 -0.301908
732 -0.308259 -0.0714834
39 -1.00532 -0.774536
1128 -0.816653 -0.500085
1798 -0.413263 -0.462804
10 -0.430778 -0.348057
44 -1.01051 -0.354199
1700 -0.836123 -0.22968
1701 -0.597212 -0.572877
1083 -0.359149 0.117954
1060 -0.322936 -0.000494893
311 -0.615439 -0.37742
98 -0.829948 -0.194853
325 -0.530765 -0.174827
495 -0.188426 -0.393909
475 -0.620646 -0.405526
1305 -0.395841 -0.141759
880 -1.82412 -0.861829
923 -0.572081 -0.274289
78 -2.03886 -1.08555
925 -0.58666 -0.401964
1338 -0.318276 -0.406301
714 -1.07924 -0.221661
267 -1.35889 -0.550691
1014 -0.37398 -0.130003
59 -0.961429 -0.331478
1016 -0.592051 -0.0966202
515 -0.457108 -0.416022
513 -1.39113 -0.672693
516 -0.74598 -0.100042
1516 -0.556025 -0.121051
140 -0.704282 -0.445773
702 -0.832538 -0.126357
946 -0.590904 -0.427878
1337 -0.585382 -0.229149
1336 -0.73978 -0.152412
1294 -0.233913 -0.443514
1303 -0.498412 0.0572645
1576 -0.763156 -0.192797
1577 -0.879978 -0.476567
1529 -0.80062 -0.324373
1530 -0.99955 -0.172681
1527 -0.765741 -0.258727
357 -0.583105 -0.294807
356 -0.451565 -0.469323
1259 -0.775231 -0.610585
560 -0.506155 -0.119784
590 -0.310048 -0.180332
594 -0.375265 -0.350214
1475 -0.43372 -0.478018
464 -0.575008 -0.18381
455 -0.31189 -0.0401369
238 -0.569329 -0.182312
473 -0.526925 -0.173805
759 -0.450683 -0.0259662
940 -0.49057 9.2558e-05
387 -0.7926 -0.230742
1268 -0.351163 -0.408231
1139 -1.28235 -0.904103
796 -0.499642 -0.296465
635 -0.220374 -0.00984522
618 -0.487933 -0.163337
832 -0.386576 -0.280023
717 -0.479286 -0.510946
956 -0.305713 -0.263957
72 -0.854652 -0.390948
543 -0.573895 -0.435943
1682 -0.59586 -0.0177488
108 -0.820453 -0.479802
53 -0.442001 -0.459153
193 -0.575361 -0.141361
143 -1.07407 -0.583856
603 -0.26159 -0.22033
1892 -0.164184 -0.290584
1396 -0.73895 -0.459646
8 -0.592833 -0.221465
586 -0.408874 -0.0798181
572 -0.272632 -0.153576
1095 -0.352803 -0.136879
217 -0.587482 -0.374052
736 -0.791974 -0.149519
1785 -0.420952 0.00539946
887 -3.63724 -1.54148
1395 -0.705876 -0.145783
1044 -0.215395 -0.348911
810 -0.475946 -0.101148
1941 -0.672393 -0.465678
1942 -0.816174 -0.0968114
368 -0.828184 -0.625437
369 -0.65151 -0.132654
372 -1.03039 -0.593206
302 -0.637354 -0.105277
317 -0.915546 -0.46519
312 -1.09011 -0.280668
911 -0.371279 -0.194393
730 -0.422298 -0.374963
1980 -0.528698 -0.279393
1699 -0.944463 -0.242409
1891 -0.224274 -0.130401
924 -0.49615 -0.335768
173 -0.849737 -0.263968
151 -0.671741 -0.454767
133 -0.875033 -0.707905
1243 -0.751525 -0.0503838
1116 -0.695595 -0.431775
915 -0.37251 -0.216623
898 -0.619947 -0.605519
865 -0.81723 -0.281188
1521 -0.569034 -0.463704
869 -1.11576 -0.86023
1596 -0.563867 -0.339649
1202 -0.597058 -0.224528
80 -1.8673 -1.01225
589 -0.391746 -0.343843
674 -0.47106 -0.19175
672 -0.486472 -0.273132
291 -0.760734 -0.415143
1129 -0.454397 -0.486327
1130 -0.857379 -0.165255
1207 -0.293372 -0.373828
1248 -0.295183 -0.349922
696 -0.298825 -0.216033
38 -1.20554 -0.451123
938 -1.23974 -0.686155
990 -0.728735 -0.334835
1020 -0.423275 -0.225429
1614 -0.604966 0.021084
1434 -1.2821 -0.457452
1390 -0.544541 -0.143656
388 -1.4368 -0.542542
668 -0.85604 -0.540002
539 -0.64145 -0.378582
1200 -0.889594 -0.49019
1440 -0.928405 -0.282185
1442 -0.651368 -0.213976
878 -0.777822 -0.498709
882 -0.934384 -0.746138
1062 -0.552941 -0.185413
309 -1.63199 -0.724704
621 -0.4927 -0.31001
573 -0.421978 -0.0259662
1161 -0.432511 -0.228823
1281 -1.15396 -0.592944
766 -0.405847 -0.101228
1570 -0.695202 -0.0519085
444 -0.399485 -0.0912723
708 -0.523983 -0.369309
1889 -0.321347 -0.174182
785 -0.266226 -0.390388
64 -2.29019 -1.20205
1145 -0.448548 -0.35346
1276 -0.578894 -0.538036
1275 -0.724646 -0.297531
379 -0.493836 -0.430509
185 -0.616776 -0.392633
460 -0.277171 -0.37485
399 -0.416634 -0.286153
22 -0.749035 -0.247783
1690 -0.675283 -0.178048
902 -0.718102 -0.311546
36 -1.09837 -0.744966
27 -0.825245 -0.438518
1560 -0.408697 -0.329437
721 -0.810819 -0.575268
1522 -0.477245 -0.316997
1358 -0.728129 -0.189853
207 -0.632419 -0.16463
928 -0.580083 -0.396052
984 -0.888423 -0.127145
1412 -0.504851 -0.270953
914 -1.14132 -0.439455
1415 -0.442511 -0.192728
632 -0.459582 -0.215815
916 -1.53355 -0.938687
977 -0.869883 -0.638873
733 -0.56155 -0.591946
93 -0.848823 -0.506357
895 -0.40515 -0.0746538
1826 -0.259537 -0.105708
1048 -0.849631 -0.176501
881 -0.579526 -0.036178
879 -0.55586 -0.479021
34 -0.751859 -0.490244
51 -0.747319 -0.292038
1559 -0.323679 -0.232197
392 -0.500441 -0.417351
628 -0.332821 -0.30539
1251 -0.559969 -0.173507
114 -0.605006 -0.0628255
1178 -0.628485 -0.18913
1838 -0.25387 -0.183906
803 -0.283345 -0.350628
414 -0.347484 -0.314178
630 -0.66431 -0.193899
77 -0.436705 0.00105599
1334 -0.692066 -0.157125
1333 -0.982734 -0.37897
1837 -0.161395 -0.228359
1201 -1.17301 -0.453857
1633 -0.610733 -0.294559
1019 -0.615875 -0.539991
959 -0.622094 -0.228506
1669 -0.369755 -0.173617
1671 -0.520536 -0.148093
485 -1.14411 -0.333728
1192 -0.654793 -0.291591
1937 -0.52858 -0.093787
83 -1.44925 -0.583783
1870 -0.219204 -0.214187
1582 -0.837224 -0.168392
1581 -0.835568 -0.26202
1150 -0.236902 -0.288222
1156 -0.355185 -0.181682
1032 -0.666085 -0.491551
41 -0.757881 -0.48854
1190 -0.536598 -0.313617
489 -0.366328 -0.251941
426 -0.531754 -0.0932816
1057 -0.235242 -0.0974204
1035 -0.224676 -0.237829
525 -0.758284 -0.533508
527 -0.690903 -0.0929961
1842 -0.359146 -0.00910512
1850 -0.147592 -0.395126
1600 -0.617418 -0.34922
700 -0.433967 0.0688496
1072 -0.198063 -0.322083
1036 -0.484048 -0.0504536
7 -0.627727 -0.437375
184 -1.60031 -0.966695
402 -0.486332 -0.0437297
436 -0.392537 -0.082509
442 -0.313168 -0.273939
99 -0.671789 -0.0500636
94 -1.14598 -0.793625
119 -0.661183 -0.365367
283 -0.828817 -0.436802
244 -0.491471 -0.421563
234 -0.763621 -0.269956
1329 -0.571581 -0.261845
1583 -0.589292 -0.311828
218 -0.818514 -0.389417
1708 -0.608922 -0.473007
1707 -0.814821 -0.352319
1011 -0.770772 -0.214797
1152 -0.458292 -0.0169631
33 -0.827272 -0.232421
463 -0.514451 -0.347181
1689 -0.413282 -0.349518
1441 -0.773234 -0.257928
421 -0.402096 -0.0653351
468 -0.456294 -0.113369
1007 -0.578451 -0.255985
1008 -0.568638 -0.526772
592 -0.410982 -0.0936172
212 -0.807308 -0.282533
440 -0.399528 -0.283651
1182 -0.445278 -0.156039
1231 -0.575696 -0.211434
1195 -0.821611 -0.615235
778 -0.150544 -0.303758
389 -0.366702 -0.354435
465 -0.367513 -0.214927
1236 -0.51774 -0.182716
1212 -0.907375 -0.666536
1089 -0.480098 -0.0272406
896 -0.691501 -0.34119
1758 -0.534534 0.0299263
1765 -0.353611 -0.212104
67 -0.685521 -0.18647
891 -1.05363 -0.317173
1031 -0.251581 -0.220276
1066 -0.405629 0.0736736
1162 -0.420576 -0.0196414
1164 -0.360126 -0.127165
215 -0.485038 -0.0887339
343 -1.04259 -0.496802
213 -0.871267 -0.228784
1260 -0.709059 -0.300046
203 -1.05776 -0.623628
547 -0.322964 -0.185541
629 -0.382892 -0.417486
703 -0.596862 -0.15936
1515 -0.927434 -0.178376
875 -1.18842 -0.762528
648 -0.383583 -0.131217
211 -0.610237 -0.298653
1833 -0.249471 -0.390465
1372 -0.524333 -0.322601
412 -0.267229 -0.248
226 -0.525174 -0.316935
107 -0.496493 -0.161845
20 -0.838322 -0.236339
1865 -0.209154 -0.232733
432 -0.226893 -0.339051
335 -0.669338 -0.312774
1463 -0.709099 -0.567513
334 -0.750442 -0.198787
1283 -0.536956 -0.30045
1135 -0.888737 -0.304673
1807 -0.893539 -0.31263
1808 -0.547989 -0.0980158
1839 -0.30465 0.00798824
1702 -0.472032 -0.0728808
1683 -0.781855 -0.310556
564 -0.599371 -0.35652
1878 -0.204909 -0.139951
1886 -0.279905 -0.0122816
1326 -0.668171 -0.0755332
1384 -0.581963 -0.000441965
398 -0.618287 -0.238258
448 -0.589458 -0.443681
1023 -0.658825 -0.232231
358 -0.671583 -0.590018
106 -0.838236 -0.367163
967 -0.585398 0.032752
1805 -0.525817 -0.2774
1721 -0.861738 -0.520739
1803 -0.616722 -0.462121
1556 -0.528403 -0.454621
497 -0.518898 -0.493982
856 -0.514645 -0.304158
722 -1.521 -0.658777
228 -0.502375 0.033484
1187 -0.682411 -0.241554
488 -0.373297 -0.13546
233 -0.435788 -0.266915
909 -0.499441 -0.117787
286 -0.602782 -0.339311
505 -0.495655 0.0657394
449 -0.470087 -0.0323705
1819 -0.48541 -0.0761875
1828 -0.486718 -0.259878
1123 -0.764027 -0.257691
1379 -0.618347 -0.433615
1120 -0.689035 -0.461372
1117 -0.922456 -0.324843
1112 -0.431556 -0.284575
1882 -0.312842 0.0447584
854 -0.395303 -0.208424
1977 -0.694109 -0.430281
1976 -0.635704 -0.164812
654 -0.143083 -0.0374672
336 -0.594373 -0.178178
439 -0.304548 -0.353759
600 -0.483406 -0.380848
70 -0.712547 -0.3528
1572 -0.54033 -0.394985
1571 -0.65421 -0.129147
546 -0.425195 -0.276023
1746 -0.453173 0.0462252
1774 -0.444088 -0.339838
627 -0.250986 -0.12259
1009 -0.681726 -0.250516
1585 -0.533785 -0.218472
231 -0.891949 -0.365482
160 -0.703142 -0.086307
1405 -0.627258 -0.210956
1401 -0.706641 -0.301437
1625 -0.620459 -0.265734
1624 -0.811825 -0.263135
1626 -0.59781 -0.239144
1641 -0.619161 -0.390421
235 -0.662561 -0.16242
656 -0.735671 -0.464066
661 -0.541828 -0.109701
659 -0.681749 -0.38031
1247 -0.347614 -0.364012
1138 -1.48258 -0.473288
472 -0.578566 -0.294287
1722 -0.746097 -0.353687
1485 -0.551118 -0.345685
1483 -0.894079 -0.625003
1464 -0.570656 -0.138242
154 -1.25276 -0.607413
1465 -0.245497 -0.275911
739 -0.720529 -0.368029
314 -0.784002 -0.0973636
254 -0.526901 -0.395161
1686 -0.78699 -0.336807
1685 -0.695255 -0.374024
1295 -0.474925 -0.0659342
1311 -0.648612 -0.368943
1915 -0.337494 -0.0530963
1725 -0.269574 -0.320896
1578 -0.610893 -0.308573
1591 -0.553745 -0.476454
872 -0.973694 -0.213014
1599 -0.313562 -0.219796
105 -0.951841 -0.428291
604 -0.267125 -0.313639
1919 -0.261324 -0.207753
1653 -0.441747 -0.234694
1791 -0.402189 -0.339076
890 -0.595688 -0.291545
874 -0.730434 -0.461897
1505 -0.588467 -0.382156
1296 -0.33692 -0.355305
1929 -0.746261 -0.526003
1928 -0.794528 -0.213129
1142 -0.583201 -0.400648
284 -0.657179 -0.248562
526 -0.631993 -0.350465
1676 -0.64622 -0.183254
1884 -0.228535 -0.220786
673 -0.63272 -0.486228
447 -0.363398 -0.122097
458 -0.308138 -0.19167
1148 -0.38652 -0.0290014
752 -0.387259 -0.170271
1817 -0.130522 -0.404338
381 -0.50919 -0.307596
380 -0.469887 -0.134899
4 -0.644665 -0.36974
1733 -0.408437 -0.256761
1735 -0.467627 -0.0302705
988 -0.412556 -0.394719
859 -0.761227 -0.258762
1696 -0.599934 -0.194423
1730 -0.297116 0.0728133
411 -0.509984 -0.153841
362 -0.687799 -0.359176
361 -0.769674 -0.221041
405 -0.512733 -0.31337
647 -0.307208 -0.409636
304 -0.702281 -0.465447
100 -0.665554 -0.608235
761 -0.279708 -0.284088
802 -0.681393 -0.656685
1368 -1.44888 -0.430046
384 -0.45159 -0.046729
281 -1.00868 -0.413048
1874 -0.316126 0.0170071
775 -0.414924 -0.321489
457 -0.692859 -0.283209
1183 -0.503614 -0.153584
180 -0.747265 -0.558263
288 -0.813912 -0.276946
242 -0.737274 -0.354735
801 -0.279129 -0.23481
756 -0.501406 -0.412755
884 -0.327823 -0.338889
1692 -0.299001 -0.269221
266 -0.929602 -0.782459
1042 -0.327129 0.0856679
1069 -0.462156 -0.114434
1052 -0.382382 -0.282128
1349 -0.421878 -0.2567
407 -0.609139 -0.0591191
378 -0.941636 -0.613042
403 -0.804809 -0.0986664
1950 -0.706659 -0.442626
1658 -0.705452 -0.396668
1933 -0.166489 -0.190518
576 -0.471086 -0.0774547
1426 -0.534806 -0.49724
71 -0.84722 -0.497339
1173 -0.469465 -0.341045
912 -0.583867 -0.0469438
438 -0.527615 -0.0474535
996 -0.602721 -0.456065
690 -0.528178 -0.155744
1222 -0.472752 -0.0977511
1111 -1.24984 -0.918816
1213 -0.625334 -0.366805
1185 -0.346448 -0.166338
692 -0.560537 -0.256404
528 -1.02569 -0.416783
529 -0.549192 -0.181353
900 -0.833825 -0.315813
727 -0.541054 -0.576855
774 -0.261031 -0.190901
665 -0.394859 -0.444332
833 -0.356182 -0.193718
858 -0.442373 -0.331537
605 -0.277816 -0.092584
559 -0.472449 -0.203858
591 -0.194892 -0.134936
571 -0.601169 0.0448524
537 -0.437902 -0.217124
534 -0.904673 -0.443951
595 -0.518382 -0.199478
206 -0.631863 -0.199076
1006 -0.456381 -0.485675
1743 -0.461307 -0.298278
1777 -0.350317 0.0363365
1863 -0.178559 -0.247948
1221 -0.398812 -0.482821
179 -0.59359 -0.0987474
198 -0.739882 -0.384169
145 -0.896061 -0.358506
60 -0.52294 -0.266061
1790 -0.403415 -0.23653
1586 -0.617748 -0.129301
662 -0.721138 -0.45779
224 -0.442061 -0.250441
1904 -0.263231 -0.000612694
1335 -0.679476 -0.0832238
613 -0.141886 -0.1556
562 -0.3778 -0.376366
166 -0.630635 -0.163768
169 -0.70623 -0.405176
165 -0.918218 -0.31216
504 -0.595214 -0.0580343
1872 -0.252118 -0.0998657
510 -0.797756 -0.31053
11 -0.706748 -0.183819
511 -0.654834 -0.272683
1939 -0.541224 -0.139497
1381 -0.768711 -0.156068
191 -0.719879 -0.488547
1650 -0.848044 -0.111755
1744 -0.355628 -0.123092
1189 -0.487575 -0.276375
566 -0.259435 -0.262721
544 -0.541531 -0.0946048
506 -0.542782 -0.0898894
507 -0.614897 -0.586904
1767 -0.308293 -0.312199
1742 -0.321961 -0.211888
970 -0.679401 -0.146285
927 -0.608753 -0.208782
1404 -0.558037 -0.509716
1403 -0.909926 -0.205965
1402 -0.815281 -0.470863
1350 -0.6522 -0.316095
116 -0.807364 -0.518071
1330 -0.568705 -0.437026
892 -0.880757 -0.37965
919 -0.507569 -0.271143
976 -0.900668 -0.44492
1039 -0.196917 -0.368274
612 -0.28699 -0.151262
52 -0.69246 -0.219342
1343 -0.298852 -0.210481
1851 -0.284756 -0.138646
104 -0.876749 -0.240047
1433 -0.775387 -0.42887
1375 -0.476552 -0.312855
1380 -0.661859 -0.396496
1377 -0.657533 -0.221395
943 -0.329126 -0.345625
1898 -0.366691 0.0922968
1078 -0.502803 -0.00774118
574 -0.266875 -0.426354
265 -1.35398 -0.595441
305 -1.03088 -0.177198
1862 -0.29966 -0.0404963
1809 -0.749908 -0.372194
50 -0.834707 -0.420292
103 -0.778389 -0.37021
31 -1.20324 -0.248356
1902 -0.253583 -0.207291
332 -0.409847 -0.429515
273 -0.893654 -0.549015
905 -0.424979 -0.235986
276 -0.837723 -0.355132
1172 -0.438405 -0.400933
877 -0.576161 -0.373596
1934 -0.248522 0.100783
569 -0.380494 -0.0240431
1601 -0.413316 -0.220043
871 -0.931008 -0.325981
1466 -0.424416 -0.277342
575 -0.61585 -0.111531
751 -1.09891 -0.493
1348 -0.33546 -0.454786
1750 -0.350986 0.0347304
326 -0.444666 -0.0673236
677 -0.499444 -0.1891
141 -1.39725 -0.734208
175 -0.679812 -0.494601
170 -0.571387 -0.265442
1410 -0.600852 -0.190356
913 -1.13264 -0.539768
147 -1.66697 -0.630915
704 -0.577212 -0.33841
705 -0.9348 -0.482627
1728 -0.2953 -0.291307
1753 -0.424668 -0.167639
649 -0.422075 -0.292854
1153 -0.239224 -0.0116551
1675 -0.573106 -0.402118
124 -0.839313 -0.490508
1279 -0.338356 -0.30946
799 -0.433099 -0.00309788
798 -0.492868 -0.10896
329 -0.558338 -0.178783
271 -0.851912 -0.241065
870 -1.22347 -0.428329
1593 -0.541036 -0.0652068
502 -0.767278 -0.516007
512 -0.837242 -0.0790644
910 -0.702415 -0.124193
161 -0.60535 -0.328381
162 -0.739596 -0.157862
1285 -1.42457 -0.551113
853 -0.598998 -0.27667
1972 -0.762965 -0.232501
963 -0.421914 -0.337371
958 -0.43265 -0.14613
1147 -0.311983 -0.122654
1157 -0.268914 -0.0535953
68 -0.799849 -0.514296
246 -0.503635 -0.548955
754 -0.457405 -0.2419
1930 -0.589569 -0.360551
1931 -0.82713 -0.222211
1127 -0.826992 -0.416199
1611 -0.837684 -0.0847286
1458 -0.640061 -0.267983
790 -0.595644 -0.0992343
857 -0.360234 -0.252901
849 -0.520488 -0.22627
725 -0.513153 -0.444698
69 -0.948819 -0.585809
1121 -0.870134 -0.409089
109 -0.725116 -0.313288
1957 -0.638342 -0.212767
1956 -0.760151 -0.190615
174 -0.926088 -0.484554
257 -0.916086 -0.671926
723 -0.378381 -0.316997
726 -0.800452 -0.150021
1820 -0.304342 0.029729
1866 -0.312018 -0.104173
240 -0.795393 -0.631314
363 -0.763665 -0.257101
364 -0.586086 0.0565008
749 -0.599483 -0.146677
1792 -0.233205 -0.327699
599 -0.408822 -0.169712
42 -0.758576 -0.408209
320 -0.474819 0.0123606
313 -0.508096 -0.0762935
1566 -0.596169 -0.564854
643 -0.769416 -0.0592844
73 -1.39206 -0.422464
82 -0.555022 -0.126099
694 -0.437415 -0.410308
130 -0.880244 -0.274115
952 -0.434123 -0.229031
142 -1.00884 -0.345422
1885 -0.320117 -0.132214
1096 -0.758307 -0.00932741
1097 -0.446841 -0.479951
195 -0.63736 -0.307123
1901 -0.209662 -0.0713207
1906 -0.178023 -0.197533
1760 -0.389804 -0.325507
500 -0.43588 -0.406084
962 -0.272779 -0.316115
433 -0.469259 -0.00590236
1454 -0.966746 -0.267688
1799 -0.617299 -0.42824
1661 -0.283211 -0.428264
1327 -0.545194 -0.422023
1449 -0.499859 -0.303741
237 -0.835199 -0.724016
786 -0.368285 -0.027293
350 -0.723128 -0.339507
352 -0.502962 -0.25842
163 -0.491867 -0.557559
342 -1.45525 -0.696701
709 -0.597035 -0.306704
164 -0.487101 -0.371988
1397 -0.575191 -0.4967
897 -0.904045 -0.436423
1374 -0.545597 -0.409203
626 -0.14553 -0.166242
650 -0.422291 0.0852753
1756 -0.255788 -0.438134
1775 -0.478564 -0.252667
652 -0.239966 0.0123903
531 -0.52766 -0.344475
536 -0.682083 -0.206847
1323 -0.703998 -0.319654
153 -0.833137 -0.458205
134 -0.70895 -0.566464
1021 -0.437063 -0.244994
49 -1.04658 -0.675564
146 -0.560322 -0.123992
1297 -0.467509 -0.107251
18 -0.25528 -0.139617
1649 -0.606639 -0.432277
1909 -0.452947 -0.0951446
200 -0.718438 -0.237869
167 -0.832167 -0.285373
1241 -0.928875 -0.285027
1171 -0.475959 -0.32241
287 -0.521517 -0.454254
957 -0.346515 -0.300128
920 -0.563907 -0.428959
655 -0.782614 -0.344373
719 -0.685798 -0.409105
1425 -0.556512 -0.136317
899 -0.380818 -0.295759
1165 -0.56609 -0.229818
641 -0.0942871 -0.317385
1159 -0.35711 -0.390714
1059 -0.319365 -0.0402508
579 -0.458922 -0.169206
1098 -0.559619 -0.350259
784 -0.743356 -0.429587
1273 -0.579005 -0.266563
1269 -0.293151 -0.396602
1757 -0.255219 -0.430154
1782 -0.346252 -0.315432
487 -0.347568 -0.147051
699 -0.534551 -0.457862
697 -0.664995 -0.428822
1237 -0.484157 -0.482678
960 -0.374879 -0.359897
935 -0.39514 -0.31796
43 -0.702175 -0.178527
1301 -0.424303 -0.0745137
1291 -0.459944 -0.24732
549 -0.559394 -0.0936879
279 -0.790538 -0.227002
355 -0.823194 -0.492058
354 -0.608278 -0.318821
1787 -0.495152 -0.141342
135 -0.829124 -0.422127
382 -0.384329 -0.0202425
26 -1.12971 -0.525478
1225 -0.635709 -0.358571
1229 -0.817426 -0.458663
1370 -0.543512 -0.308981
1369 -0.606975 -0.373041
1489 -0.569115 -0.413929
570 -0.317879 -0.0402903
763 -0.594612 -0.061695
1076 -0.390562 -0.215649
607 -0.36993 -0.0196764
295 -0.595913 -0.260488
293 -1.03728 -0.43465
987 -0.863479 -0.209235
1740 -0.212106 -0.444101
1729 -0.348536 -0.24887
115 -0.562746 -0.376785
1364 -0.633523 -0.357213
1365 -0.788421 -0.215482
1131 -0.65181 -0.437051
1140 -0.750172 -0.517955
408 -0.589282 -0.411006
477 -0.485172 -0.206791
814 -0.374344 -0.298879
1561 -0.286559 -0.356645
1051 -0.111528 -0.286967
429 -0.414441 -0.0853313
483 -0.618633 -0.390468
1674 -0.561637 -0.173675
1353 -0.529386 -0.0779061
862 -0.314372 -0.346186
1876 -0.181949 -0.215858
1855 -0.237998 -0.275178
1813 -0.162194 0.0965143
1056 -0.283842 0.00344937
509 -0.65859 -0.330314
768 -0.314593 -0.329505
1666 -0.0973847 -0.129017
1558 -0.405648 -0.160122
1092 -0.485831 -0.21978
1452 -0.623468 -0.348137
1393 -0.75235 -0.461908
394 -0.386779 -0.43881
791 -0.342903 -0.157627
855 -0.410658 -0.383086
344 -0.65502 -0.424699
40 -0.888633 -0.522133
813 -0.306945 -0.306995
691 -0.602108 -0.145128
1074 -0.261475 -0.271219
787 -0.360643 -0.024464
210 -0.478549 -0.427594
1420 -0.640544 -0.292938
1027 -0.789827 -0.237912
710 -0.52714 -0.260528
663 -0.704828 -0.652136
711 -0.458269 -0.162673
1549 -0.248277 -0.398193
1181 -0.448217 -0.220815
272 -0.831843 -0.580415
333 -0.545608 -0.22545
1659 -0.421043 -0.155349
1126 -0.856551 -0.187334
1592 -0.517472 -0.165234
1598 -0.676961 -0.02131
1704 -0.58667 -0.401506
1703 -0.641571 -0.243637
829 -0.363238 -0.0382106
1979 -0.810142 -0.160172
1978 -0.69932 -0.443601
657 -0.431957 -0.427384
159 -0.926248 -0.258249
1535 -0.668792 -0.402201
906 -0.749099 -0.292199
715 -0.860454 -0.289086
1137 -0.791096 -0.247344
620 -0.337641 -0.118453
995 -0.587893 -0.0382647
998 -0.412991 -0.12348
973 -0.414799 -0.188963
65 -0.714116 -0.415808
1657 -0.697548 -0.129694
330 -0.872337 -0.255173
331 -0.918372 -0.216973
1896 -0.201913 -0.00928379
1854 -0.343318 -0.126541
395 -0.364406 -0.30396
390 -0.492494 -0.158705
836 -0.268752 -0.14479
844 -0.466112 -0.0181214
1482 -0.256349 -0.273674
720 -0.680174 -0.410078
682 -0.58398 -0.0226102
839 -0.418482 -0.0103541
1907 -0.286824 -0.268449
1376 -0.630075 -0.435065
1800 -0.43297 -0.133121
1427 -0.22031 -0.0641159
87 -0.72624 -0.124971
1610 -0.403961 0.083526
1589 -1.46854 -0.392527
1966 -0.581567 -0.58167
1965 -0.725017 -0.473422
1967 -0.740056 -0.397233
1968 -0.76448 -0.248985
1488 -0.475072 -0.289463
303 -0.768999 -0.317847
675 -0.509105 -0.370417
1170 -0.403373 -0.347757
1924 -0.385542 -0.270196
764 -0.49064 -0.342114
770 -0.233759 -0.256268
545 -0.528149 -0.286411
969 -0.295656 -0.330726
922 -0.555223 -0.192067
1830 -0.235722 -0.138791
1450 -0.572986 -0.396449
1946 -0.855242 -0.104097
1945 -0.561946 -0.585223
1823 -0.0875957 -0.360977
1546 -0.464416 0.0457978
14 -0.689885 -0.312422
701 -0.593852 -0.287516
1755 -0.405508 -0.161287
479 -0.513814 -0.138457
1012 -0.506155 -0.502585
1022 -0.399665 -0.0631951
1604 -0.549417 -0.357658
1609 -0.667695 -0.481594
138 -0.53614 -0.543849
1845 -0.140755 -0.288845
1749 -0.242725 -0.281632
1136 -0.71475 -0.480448
1298 -0.35761 -0.0801678
45 -0.479583 -0.269043
29 -0.908172 -0.330208
46 -0.302504 -0.261314
1217 -1.0019 -0.772113
1216 -0.539925 -0.280349
1223 -0.535696 -0.267723
1691 -0.433102 -0.129748
248 -0.597633 -0.234055
431 -0.198403 -0.424432
476 -0.253455 -0.369301
81 -0.536931 -0.0177176
91 -0.736964 -0.00205832
583 -0.414937 -0.15242
1266 -0.446322 -0.415551
1568 -0.532716 -0.00354346
1496 -0.502902 -0.244819
1492 -1.07476 -0.462337
1493 -0.730143 -0.307177
1908 -0.234155 -0.0930902
1387 -0.389471 0.0753839
1383 -0.390738 -0.246086
1879 -0.287478 0.0803208
1378 -0.190434 -0.354528
631 -0.394828 -0.10656
1508 -0.830654 -0.149627
1506 -0.788181 -0.337697
1981 -0.712901 -0.536316
1982 -0.804105 -0.53452
1300 -0.491015 -0.0736743
1913 -0.449402 -0.0500226
1314 -0.466192 -0.161219
633 -0.159216 -0.00895372
556 -0.64304 -0.00352708
850 -0.115931 -0.0115989
997 -0.519437 -0.240606
1462 -0.713987 -0.0938101
753 -0.347167 -0.13917
843 -0.272346 -0.152657
435 -0.474409 -0.0676232
493 -0.347588 -0.293261
186 -0.587067 -0.276912
777 -0.680689 -0.152566
834 -0.207488 -0.405505
831 -0.350991 -0.0556677
1417 -0.475242 -0.533271
1416 -0.827688 -0.284413
427 -0.73478 -0.244968
1104 -0.670689 -0.116488
1103 -0.694369 -0.397159
348 -0.837798 -0.172757
349 -0.901204 -0.498073
462 -0.480811 -0.226654
1411 -0.354341 -0.0468116
338 -0.565606 -0.341962
274 -0.952873 -0.134257
747 -0.447103 0.0275756
32 -0.583257 -0.604594
30 -0.800459 -0.671044
149 -0.48612 -0.466263
538 -0.441779 -0.0662639
530 -0.626098 -0.15002
1467 -0.327172 -0.323003
1679 -0.707899 -0.0746165
1895 -0.23727 -0.174782
1339 -0.734077 -0.316722
809 -0.342315 -0.00683916
740 -0.180047 -0.011699
873 -0.705737 -0.132422
400 -0.225523 -0.209788
1355 -0.523437 -0.200086
670 -0.845625 -0.265958
1308 -0.529634 -0.289314
1783 -0.45779 -0.0160405
974 -0.416664 -0.489923
86 -0.41766 -0.282006
89 -0.589529 -0.376751
1133 -0.441205 -0.235652
1015 -0.72623 -0.619617
499 -0.499857 -0.0450592
118 -0.285484 -0.199458
1818 -0.364861 -0.0897287
430 -0.39904 -0.234457
85 -0.653086 7.47498e-05
1754 -0.46463 -0.193743
1745 -0.179722 -0.328682
1768 -0.424113 -0.151707
1727 -0.252244 -0.438449
79 -0.569989 -0.265119
90 -0.651933 -0.379712
793 -0.296203 -0.226061
1643 -0.66951 -0.250529
1642 -0.620808 -0.223154
1154 -0.351887 -0.0696174
552 -0.374283 -0.334706
1719 -0.572924 0.0369644
557 -0.575178 -0.0256402
944 -0.400897 -0.0174643
731 -0.373232 -0.328186
1890 -0.11186 -0.29849
292 -0.763867 -0.12732
371 -0.681127 -0.103904
359 -0.620556 -0.3813
21 -0.4003 -0.404597
1043 -0.362645 -0.104363
1811 -0.223213 -0.230762
1246 -0.720984 -0.408768
1228 -0.727088 -0.0553981
216 -0.551905 -0.392592
214 -0.542312 -0.218837
664 -0.378408 -0.460279
658 -0.871949 -0.673237
706 -0.600769 -0.104763
860 -0.261043 -0.204526
718 -0.965137 -0.237161
484 -0.294052 -0.146751
1392 -0.741413 -0.25112
602 -0.342462 -0.19346
567 -0.425464 -0.030495
1779 -0.573868 0.0203485
1710 -0.310596 -0.322596
994 -0.519207 -0.239345
6 -1.14765 -0.315353
646 -0.644967 -0.116835
1299 -0.840163 -0.500513
1864 -0.12553 -0.308829
1444 -0.533047 -0.0647934
1026 -0.489006 -0.284481
323 -0.608503 -0.258103
1277 -0.709128 -0.269096
554 -0.37932 -0.382148
95 -0.475418 -0.452721
120 -0.774249 -0.45228
96 -0.721764 -0.387911
640 -0.274227 -0.0949861
685 -0.546969 -0.476828
686 -0.375258 -0.401048
351 -0.57691 -0.393448
1024 -0.646441 -0.126745
698 -0.868575 -0.169816
1204 -0.426444 -0.110074
1018 -0.978734 -0.751779
1419 -0.519288 -0.21115
581 -0.369366 -0.412989
548 -0.508297 -0.0689639
84 -0.716612 -0.0514545
374 -0.727096 -0.377371
375 -0.418389 -0.278879
1677 -0.388303 -0.190285
1613 -0.523831 0.0013312
941 -0.225066 -0.0821951
950 -0.55967 -0.358784
324 -0.400005 -0.349178
117 -0.59704 -0.466552
625 -0.304341 -0.266145
945 -0.523926 -0.485244
1151 -0.294481 -0.330109
598 -0.366474 -0.257803
1038 -0.156646 -0.296778
689 -0.661541 -0.0378649
533 -0.647719 -0.527886
1235 -0.406762 -0.286407
1232 -0.403544 -0.148688
1366 -0.782012 -0.407119
1367 -0.501232 -0.300451
540 -0.57824 -0.0589766
837 -0.280098 -0.299892
410 -0.506533 -0.312047
1859 -0.272095 -0.0399752
452 -0.39908 -0.345785
481 -0.364659 -0.0830477
601 -0.361411 -0.119114
1478 -0.52862 -0.433719
1575 -0.638085 -0.118085
1672 -0.273911 -0.29254
1455 -0.606317 -0.136449
712 -0.608437 -0.393225
735 -0.624751 -0.386526
446 -0.357145 -0.208753
209 -0.602382 -0.220674
1331 -0.713345 -0.528146
1065 -0.173221 -0.367569
1407 -0.790925 -0.179014
1406 -0.540994 -0.328704
1177 -0.654735 -0.152294
966 -0.337592 -0.158665
968 -0.39298 -0.201712
1498 -0.680958 -0.326535
1497 -0.714244 -0.337
172 -0.718542 -0.314337
1030 -0.499391 -0.452282
644 -0.368343 -0.165966
416 -0.405649 -0.250312
422 -0.288693 -0.335173
975 -0.466595 -0.167325
1160 -0.459791 -0.111791
256 -0.730534 -0.203558
297 -1.126 -0.263317
1316 -0.920047 -0.176585
1317 -0.519012 -0.562803
1319 -0.974707 -0.157477
1287 -0.825432 -0.408455
1573 -0.633795 -0.192146
1815 -0.178446 -0.305059
820 -0.366301 -0.271359
864 -0.27855 -0.146078
1927 -0.717645 -0.53688
1926 -0.615108 -0.403763
1166 -0.485471 -0.0931443
1239 -0.593871 -0.457501
1226 -0.539465 -0.219694
1737 -0.316559 -0.439139
401 -0.696984 -0.144855
926 -0.799662 -0.27384
1132 -0.799686 -0.270995
835 -0.363162 0.0366735
716 -0.663231 -0.0236744
322 -0.690686 -0.232151
1726 -0.437058 -0.123211
1149 -0.448152 0.0554752
1923 -0.31217 -0.342465
370 -0.605224 -0.106587
1875 -0.206475 -0.165775
383 -0.422729 -0.204844
1474 -0.607472 -0.0265945
373 -0.647094 -0.585048
35 -0.914674 -0.275049
1709 -0.377437 -0.397367
1422 -0.777171 -0.306145
409 -0.837367 -0.290395
812 -0.292594 -0.18267
1351 -0.510649 -0.0949158
930 -0.612767 -0.269115
1752 -0.498747 0.0172243
1608 -0.653847 -0.158713
893 -0.872876 -0.165533
894 -0.767095 -0.427215
678 -0.334304 -0.333912
1717 -0.518103 -0.0499117
1551 -0.53388 0.0573736
1282 -0.33122 -0.383922
1844 -0.216391 -0.246757
1325 -0.440162 -0.420052
1694 -0.214339 -0.131806
808 -0.253702 -0.289347
1073 -0.257485 -0.232483
1499 -0.65563 -0.423295
929 -0.34051 -0.492318
981 -0.231074 -0.428627
17 -0.703459 -0.130843
1778 -0.340128 -0.349676
1631 -0.663734 -0.461228
1636 -0.715874 -0.258214
1635 -0.657394 -0.155961
1085 -0.41433 -0.28231
129 -0.654421 -0.237556
127 -0.602294 -0.501503
767 -0.441055 -0.0473993
1910 -0.126906 -0.271566
1167 -0.354367 -0.287716
1814 -0.34316 -0.00827039
782 -0.580737 -0.211467
1771 -0.22499 -0.305292
734 -0.304951 -0.448656
19 -0.788595 -0.437061
1766 -0.419918 -0.0576799
208 -0.505006 -0.0741347
1071 -0.453796 0.0446804
157 -0.570568 -0.352575
282 -1.2782 -0.569584
197 -0.454982 -0.0891463
196 -0.81735 -0.148255
524 -0.693507 -0.162053
523 -0.770325 -0.336432
522 -0.977554 -0.239815
239 -0.559179 -0.50473
1853 -0.195501 -0.307197
319 -0.599587 -0.12305
9 -0.66826 -0.250434
57 -0.390091 -0.305144
56 -0.848515 -0.488176
1955 -0.82753 -0.237454
568 -0.468769 -0.0714688
772 -0.243094 -0.415526
232 -0.253283 -0.397116
693 -0.251723 -0.266069
991 -0.592458 -0.122775
596 -0.487845 -0.164336
1233 -0.79498 -0.173429
1110 -0.765607 -0.491438
939 -0.551679 -0.308189
982 -0.531587 -0.120616
1597 -0.58337 -0.156454
490 -0.372186 -0.38527
498 -0.624759 -0.214633
131 -0.649786 -0.0894594
1313 -0.344776 -0.0556266
1292 -0.552254 -0.215665
1363 -0.862957 -0.678448
1125 -0.707336 -0.237451
1163 -0.0994372 -0.24056
755 -0.396983 -0.346895
794 -0.260503 -0.256861
1751 -0.256185 -0.393063
1473 -0.523937 -0.122838
1537 -1.02201 -0.30574
852 -0.257304 -0.107958
482 -0.230877 -0.378994
1001 -0.663983 -0.520682
907 -0.751486 -0.230817
1101 -0.476275 -0.402636
308 -0.573384 -0.326361
797 -0.511387 -0.0393574
845 -0.37075 -0.258185
1668 -0.243395 -0.456433
1143 -0.427 -0.0499199
126 -0.529116 -0.348078
846 -0.11849 -0.151984
1621 -0.738618 -0.0812979
1748 -0.503842 0.0963188
1472 -0.562575 -0.317092
826 -0.366288 -0.0209256
1091 -0.752294 -0.139356
1638 -0.69116 -0.564001
1622 -0.62432 -0.105845
1856 -0.160174 -0.0653366
454 -0.505532 -0.147189
122 -0.54417 -0.426296
74 -0.833778 -0.339707
1893 -0.171233 -0.243765
1253 -1.12518 -0.4191
1256 -0.522129 -0.356961
1409 -0.529608 -0.246049
1435 -0.424329 -0.20239
889 -0.504626 -0.425442
1053 -0.238386 -0.165894
1720 -0.710076 -0.481533
1424 -0.682692 -0.240028
252 -1.08063 -0.260074
1867 -0.192329 -0.259834
1736 -0.444624 -0.0570462
1776 -0.4295 -0.340989
978 -0.344198 -0.375756
883 -0.777698 -0.263408
1050 -0.427605 -0.157459
762 -0.500165 -0.0937845
1230 -0.680865 -0.11669
1430 -0.316761 -0.253443
1084 -0.363865 -0.0889073
1640 -0.684442 -0.220671
580 -0.395861 -0.202723
695 -0.476994 -0.0672579
1418 -0.454042 -0.172567
611 -0.723545 -0.12052
346 -0.460205 -0.105832
1764 -0.377092 -0.138403
521 -0.526965 -0.223137
1055 -0.164879 -0.0247873
1067 -0.322921 -0.169067
1357 -0.298815 -0.114854
1655 -0.625793 -0.620646
1346 -0.473186 -0.121384
918 -0.693928 -0.0941486
275 -0.61875 -0.0423564
776 -0.177115 -0.291317
1423 -0.879365 -0.238387
1935 -0.241008 -0.171827
1304 -0.372957 -0.220539
1557 -0.433649 -0.282297
318 -0.691696 -0.434055
315 -0.603435 -0.134693
1017 -0.972288 -0.11221
1320 -0.371872 -0.0225968
222 -0.566528 -0.00637552
1539 -0.498814 -0.128203
171 -0.936011 -0.584465
1113 -0.700705 -0.211292
1255 -0.482131 -0.306491
1257 -0.700979 -0.0795772
278 -0.859036 -0.384897
1673 -0.557113 0.0111187
842 -0.185229 -0.399082
819 -0.377087 -0.0527082
1706 -0.653662 -0.413382
1705 -0.773835 -0.288369
805 -0.132961 0.0141661
639 -0.346496 -0.0774864
1584 -0.574239 -0.00184579
1963 -0.722643 -0.466797
1193 -0.491467 -0.417517
1943 -0.755673 -0.262792
1944 -0.669096 -0.31997
1495 -0.47597 -0.246611
1045 -0.529884 -0.211689
1058 -0.490497 -0.0812418
1141 -0.472614 -0.462287
1763 -0.342687 -0.0151304
310 -0.752247 -0.498871
827 -0.401366 0.036745
1081 -0.384598 -0.0309496
190 -0.461498 -0.273864
1759 -0.344768 -0.27067
1718 -0.391709 -0.0621599
942 -0.420258 -0.369339
1975 -0.743281 -0.470786
1974 -0.705295 -0.15594
1780 -0.279734 -0.264769
1238 -1.09696 -0.583122
1821 -0.189072 -0.282371
1108 -0.752578 -0.361559
1175 -0.582904 -0.2009
386 -0.70925 -0.375119
420 -0.391765 -0.280819
972 -0.465985 -0.0676427
961 -0.344871 -0.193288
1215 -0.636997 -0.186755
851 -0.434741 -0.0257972
651 -0.423241 0.0658831
555 -0.414172 -0.219741
582 -0.458939 -0.214557
391 -0.466851 -0.410114
1197 -0.377015 -0.113031
1487 -0.549301 -0.366398
128 -0.394833 -0.459998
876 -0.528947 -0.25639
385 -0.331981 -0.390252
748 -0.361928 -0.116729
1542 -0.490091 -0.147182
441 -0.458779 -0.488654
1271 -0.383441 -0.459454
1654 -0.599626 -0.0152041
1168 -0.382918 -0.340406
393 -0.282893 -0.0389257
1841 -0.287711 -0.124025
365 -0.386383 -0.380878
937 -0.529851 -0.141203
1460 -0.557829 -0.414116
1880 -0.163837 -0.29336
738 -0.557854 -0.275191
1883 -0.176888 -0.292044
1284 -0.44997 -0.18668
609 -0.519118 0.00450891
1280 -0.561815 -0.2422
1619 -0.646141 -0.20866
1307 -0.501347 -0.358582
1176 -0.612027 -0.151515
610 -0.455101 -0.167384
1949 -0.853603 -0.344932
1948 -0.473411 -0.195652
1428 -0.35706 -0.138364
1429 -0.472023 -0.379822
1714 -0.323284 -0.0822462
1519 -0.682585 -0.233982
262 -0.880966 -0.360307
194 -0.846112 -0.686671
1555 -0.49826 -0.207153
1155 -0.300306 -0.0745957
949 -0.559066 -0.181663
1341 -0.285334 -0.390981
1723 -0.362852 -0.206511
1209 -0.332389 -0.491017
637 -0.259554 -0.263814
1105 -0.373317 -0.242636
1107 -0.836217 -0.175222
1523 -0.554421 -0.331866
339 -0.729002 -0.164715
1479 -0.850551 -0.218151
1480 -0.693562 -0.476023
1005 -0.482582 -0.454353
1711 -0.452261 -0.376589
1470 -0.584573 -0.246274
993 -0.705122 -0.521503
58 -0.550039 -0.277643
588 -0.362279 -0.303534
1382 -0.469839 -0.121688
1824 -0.205075 0.0757552
1196 -0.442856 -0.427681
606 -0.376735 -0.135474
1612 -0.29818 -0.0143344
1607 -0.601223 -0.461194
1580 -0.646848 -0.586699
1579 -0.832136 -0.280195
139 -0.72206 -0.0734193
1574 -0.710069 -0.358717
1461 -0.384049 0.0487262
1199 -0.282693 -0.358086
1847 -0.195234 -0.150145
1634 -0.852809 -0.145153
501 -0.473712 -0.0789868
1797 -0.318574 -0.308372
1286 -0.95195 -0.398355
1647 -0.306767 -0.354938
1261 -0.346715 -0.371076
296 -0.465403 -0.324874
1569 -0.754469 -0.470965
205 -0.635756 -0.0385414
221 -0.449678 -0.470506
999 -0.483685 -0.350257
404 -0.613762 -0.220796
243 -0.754535 -0.200399
1265 -0.451694 -0.407963
1877 -0.243565 -0.285861
1289 -0.583171 -0.323037
585 -0.536276 0.0274772
866 -0.464463 -0.283594
867 -0.629042 -0.553027
868 -0.436171 -0.125152
1206 -0.489571 -0.38198
1309 -0.727056 -0.155881
1322 -0.673347 -0.547887
1205 -0.492904 -0.318965
1662 -0.646348 -0.390581
1663 -0.629376 -0.440687
1741 -0.336937 0.0853431
1025 -0.330282 -0.157693
1903 -0.273496 -0.253587
532 -0.536775 -0.117609
535 -0.564778 -0.343649
1646 -0.680021 -0.275885
1538 -0.684077 -0.236005
419 -0.312218 -0.337991
23 -0.492336 -0.163114
737 -0.914035 -0.186008
102 -0.355575 -0.155446
1324 -0.587339 -0.504713
1100 -0.592873 -0.396703
980 -0.530326 0.0124276
921 -0.325893 -0.180563
1747 -0.411179 -0.0443589
953 -0.483515 -0.0753538
1179 -0.257353 -0.130161
1518 -0.26637 -0.455102
101 -0.314313 -0.313943
1660 -0.241566 -0.37523
1952 -0.693263 -0.00956515
1388 -0.755922 -0.370577
1715 -0.626133 -0.211747
951 -0.545324 -0.416524
1552 -0.443978 -0.329402
289 -0.617006 -0.137722
1 -0.857642 -0.140191
788 -0.454864 -0.0378241
1531 -0.374857 -0.148101
1361 -0.668354 -0.464123
88 -0.540305 -0.340068
337 -0.491061 -0.280618
1086 -0.581103 -0.410301
667 -0.775877 -0.168655
1846 -0.263406 -0.283626
1254 -0.744974 -0.58072
1716 -0.487098 -0.491609
148 -0.502089 -0.174727
1191 -0.791424 -0.327995
1620 -0.390285 -0.321409
728 -0.444018 -0.195013
992 -0.637686 -0.397824
259 -0.454795 -0.126946
258 -0.77594 -0.41656
270 -0.549665 -0.506145
415 -0.595152 -0.0142187
494 -0.200059 -0.339432
1445 -0.861296 -0.247962
1061 -0.341952 -0.172571
1848 -0.0943496 0.0069857
1144 -0.449203 -0.144848
1544 -0.387276 -0.0890999
1514 -0.818365 -0.333414
1513 -0.505668 -0.377894
377 -0.536277 -0.52656
744 -0.301712 -0.345273
176 -0.691427 -0.164368
178 -0.600451 -0.15123
1315 -0.554156 0.00261501
1843 -0.294101 -0.0277818
1087 -0.422801 -0.362146
1040 -0.260664 -0.450352
423 -0.525048 -0.597754
1004 -0.471346 -0.0934045
1932 -0.563418 -0.119245
1500 -0.721906 -0.165315
1562 -0.475273 0.0341079
486 -0.217454 -0.289242
1456 -0.68261 -0.50256
1873 -0.318446 -0.0513446
520 -0.439975 -0.45425
241 -0.556303 -0.380735
1447 -0.728728 -0.210679
757 -0.477064 -0.259622
1270 -0.357841 -0.317854
825 -0.391599 -0.0456372
828 -0.358202 -0.33031
251 -0.306242 -0.0841992
838 -0.264207 -0.207331
1914 -0.425478 0.0557104
397 -0.450646 -0.12337
1916 -0.27702 -0.264081
300 -0.544412 -0.543368
62 -0.910232 -0.461759
478 -0.481785 -0.146257
1099 -0.74124 -0.163966
1543 -0.459247 -0.268639
1047 -0.404649 -0.0923662
908 -0.52805 -0.255899
1761 -0.603202 -0.212924
1665 -0.34897 -0.184825
550 -0.384037 -0.455518
1590 -0.309393 -0.0391297
1836 -0.273921 -0.117595
144 -0.743424 -0.241074
1321 -0.474166 -0.062259
227 -0.873993 -0.489856
250 -0.657784 -0.148716
183 -0.529091 -0.526957
660 -0.52407 -0.557308
1773 -0.312871 -0.174602
901 -0.711953 -0.502565
1713 -0.472193 -0.28175
1812 -0.36199 0.0722776
1249 -0.489346 -0.338325
1214 -0.544798 -0.278627
947 -0.449547 -0.0586157
1532 -0.631307 -0.492404
1533 -0.527177 -0.5652
1274 -0.353751 -0.113075
707 -0.935056 -0.15045
1772 -0.388118 -0.0272249
986 -0.39864 -0.183842
1293 -0.464255 -0.241079
1869 -0.0599327 -0.356576
1400 -0.640519 -0.472877
971 -0.54483 -0.231565
1391 -0.641703 -0.0998402
514 -0.784489 -0.385243
1688 -0.299278 -0.419713
1547 -0.622751 -0.302559
1801 -0.797235 -0.265444
1802 -0.755612 -0.224242
192 -0.675834 -0.265271
1804 -0.59628 -0.63147
1623 -0.666028 -0.134609
1587 -0.895118 -0.271917
1680 -0.705051 -0.00909945
888 -0.47349 -0.364344
558 -0.377037 -0.121782
1630 -0.597307 -0.285165
623 -0.507337 -0.0432953
1224 -0.394076 -0.222774
1829 -0.125483 -0.295928
1825 -0.271312 0.106284
1432 -0.969199 -0.1732
1437 -0.614198 -0.0694519
619 -0.475636 -0.0764917
298 -0.681696 -0.36203
285 -0.834625 -0.41025
1344 -0.405165 -0.270263
1080 -0.354811 -0.222791
428 -0.463722 -0.0522729
451 -0.169574 -0.40408
1912 -0.445643 0.0244982
1724 -0.284676 -0.280999
474 -0.29858 -0.149995
1431 -0.618593 -0.495953
1436 -0.536227 -0.402189
245 -0.61211 -0.413937
321 -0.614891 -0.621315
1960 -0.59998 -0.336063
1288 -0.384583 -0.377039
1509 -0.450474 -0.39507
1510 -0.920707 -0.23839
1093 -0.576357 -0.0978334
1512 -0.413281 -0.214449
376 -0.627631 -0.311716
1169 -0.245285 -0.441333
1267 -0.207079 -0.340647
152 -0.429143 -0.411128
1781 -0.440723 -0.0205794
1731 -0.183386 -0.278904
450 -0.404452 -0.0443028
1770 -0.464499 -0.22448
806 -0.435855 -0.179802
783 -0.641925 -0.189636
1695 -0.466809 -0.288396
1693 -0.54143 -0.426458
1697 -0.537349 -0.319505
299 -0.69644 -0.163122
1453 -0.628981 -0.379676
1615 -0.443537 -0.250287
1887 -0.353759 -0.0868163
1858 -0.358139 0.00805094
1973 -0.929898 -0.078844
1617 -0.269934 -0.142708
1218 -0.533832 0.019998
1075 -0.248959 -0.156655
1656 -0.821274 -0.291055
345 -0.635185 -0.294984
1840 -0.232554 -0.26359
638 -0.446802 -0.284132
1618 -0.350979 -0.178948
1961 -0.806873 -0.114191
1414 -0.373898 -0.215023
1602 -0.405702 -0.456598
1328 -0.652371 -0.01864
150 -0.503013 -0.391612
1439 -0.651866 -0.222241
1438 -0.553232 -0.622764
713 -0.449171 -0.220218
396 -0.3057 -0.154705
1250 -0.478014 -0.355833
1762 -0.254276 -0.354604
249 -0.554845 -0.521613
1971 -0.805679 -0.102009
904 -0.675392 -0.154158
1501 -0.912558 -0.789906
97 -0.556149 0.017001
1734 -0.341276 -0.186556
496 -0.537982 -0.0513713
434 -0.392893 -0.24592
1920 -0.281609 -0.0992098
608 -0.25664 -0.141632
1037 -0.483887 -0.104664
811 -0.409907 -0.106336
769 -0.236152 -0.128992
680 -0.323223 -0.398808
1667 -0.393088 -0.222019
123 -0.69141 -0.266894
593 -0.568041 -0.147416
1394 -0.669152 -0.401676
683 -0.531296 -0.339232
3 -0.315357 -0.443772
931 -0.40816 -0.141972
471 -0.523095 -0.211694
1861 -0.182958 -0.226855
779 -0.27573 -0.247014
1548 -0.386032 -0.118825
617 -0.383872 -0.216608
642 -0.217914 -0.00999907
616 -0.470513 -0.00272011
1921 -0.449022 0.0821129
1469 -0.850372 -0.218434
1106 -0.728682 -0.411027
61 -0.683593 -0.114464
1565 -0.36183 -0.333378
771 -0.63942 -0.0592344
1064 -0.355765 -0.0463879
614 -0.0784119 -0.0987414
584 -0.369598 -0.31335
1964 -0.769266 -0.160868
437 -0.469946 -0.244982
456 -0.272754 -0.0652869
1115 -0.658515 -0.103673
1114 -0.683487 -0.517146
1816 -0.232681 -0.338334
955 -0.482525 -0.13035
1520 -0.369195 -0.0367765
424 -0.499023 -0.133732
37 -0.41489 -0.0547366
1118 -0.344836 -0.390416
360 -0.572015 -0.111501
934 -0.599074 -0.0843734
1174 -0.658041 -0.44129
1094 -0.574096 -0.545086
112 -0.561079 -0.463411
1481 -0.429493 -0.166
247 -0.609687 -0.0707037
132 -0.581974 -0.0306679
66 -0.354229 -0.516593
1476 -0.778286 -0.0999828
903 -0.541599 -0.288761
1318 -0.560612 -0.350187
137 -0.531621 0.0251951
1651 -0.636696 -0.166061
1507 -0.757663 -0.262335
28 -0.338467 -0.0998838
679 -0.402227 -0.152671
676 -0.642655 -0.114251
1832 -0.0495068 -0.319926
577 -0.466485 -0.03612
1041 -0.384691 -0.347111
1082 -0.795661 -0.475665
816 -0.443888 0.101492
1258 -0.543075 0.0519781
795 -0.603443 -0.408002
1491 -0.784273 -0.377321
1894 -0.375265 0.0425754
1208 -0.413099 -0.362479
1897 -0.147655 -0.343914
597 -0.292634 -0.267332
1219 -0.369134 -0.407436
1220 -0.723756 -0.451493
1310 -0.605863 -0.1973
758 -0.454754 -0.366562
366 -0.772634 -0.13553
1471 -0.499069 -0.22628
307 -0.714697 -0.516277
1922 -0.440597 -0.0923524
1917 -0.366803 0.0264212
1090 -0.462604 -0.340378
1459 -0.485095 -0.421698
1616 -0.340013 -0.12938
1413 -0.464204 -0.398025
1210 -0.834998 -0.540652
1594 -0.460749 -0.462669
1477 -0.403721 -0.179002
824 -0.409681 -0.0551262
1262 -0.414631 -0.111623
1342 -0.296848 -0.0839839
1567 -0.583826 -0.357739
565 -0.325526 -0.0117221
1871 -0.352556 -0.0910348
1503 -0.372429 -0.29427
1186 -0.38098 -0.116714
220 -0.582644 -0.409103
1484 -0.56493 -0.390628
353 -0.657412 -0.0933119
729 -0.196404 -0.241
219 -0.435384 -0.296995
1034 -0.360177 -0.215364
1448 -0.556125 -0.0143224
1385 -0.477049 -0.314434
1687 -0.6622 -0.351596
830 -0.34892 -0.180412
818 -0.581048 -0.111305
1468 -0.71416 -0.0497123
687 -0.250016 -0.294855
948 -0.348229 -0.191086
847 -0.243847 -0.16456
1029 -0.255318 -0.0510614
1049 -0.496149 0.0324675
1399 -0.926781 -0.414952
158 -0.614962 -0.216746
743 -0.380366 -0.128803
804 -0.289364 0.0128249
1443 -0.563898 -0.0310197
1408 -0.41675 -0.266944
110 -0.458014 0.0204865
1868 -0.385228 -0.0192898
1918 -0.327729 -0.309221
1925 -0.458004 -0.537439
1563 -0.630887 0.0331623
781 -0.277048 -0.335869
1684 -0.763545 -0.100644
1681 -0.288751 -0.276723
1947 -0.779762 -0.0960759
327 -0.434776 -0.133837
1068 -0.513728 -0.485424
1789 -0.269727 -0.321946
1769 -0.440651 -0.0961466
1198 -0.440649 -0.309753
561 -0.390816 -0.368437
1504 -0.459749 -0.401108
1502 -0.728243 -0.345022
1278 -0.629616 -0.391236
1234 -0.589851 -0.196104
1109 -0.762773 -0.536244
188 -0.523453 -0.122828
936 -0.492274 0.0714056
1637 -0.40107 -0.33328
1457 -0.710615 -0.144695
1077 -0.194694 -0.23674
615 -0.407037 0.0423601
760 -0.239282 -0.253178
1528 -0.888601 -0.488519
1644 -0.644025 -0.246535
1240 -0.741078 -0.429489
508 -0.409297 -0.265171
1962 -0.736733 -0.148096
316 -0.449559 -0.44381
688 -0.417035 0.0108109
821 -0.206814 -0.154669
840 -0.452966 -0.0778315
1852 -0.258106 -0.185688
1936 -0.317712 -0.30711
1028 -0.458357 -0.453872
48 -0.695838 -0.0952673
1534 -0.410275 -0.196175
1806 -0.73926 -0.199042
341 -0.45043 -0.158384
92 -0.472644 -0.143769
1810 -0.119371 -0.206423
823 -0.27856 -0.107692
260 -0.386426 -0.312858
1252 -0.768355 -0.171823
863 -0.348151 -0.161058
492 -0.172484 -0.182938
1272 -0.497727 -0.411727
1588 -0.478773 -0.227522
1070 -0.403853 -0.072399
1451 -0.663109 -0.24631
1645 -0.394467 -0.289481
848 -0.262409 -0.076347
1664 -0.35208 -0.19783
1194 -0.220694 -0.390108
1290 -0.459458 -0.422289
624 -0.60093 -0.00128061
1795 -0.843811 -0.195802
1794 -0.524645 -0.543957
1352 -0.567004 -0.316671
461 -0.267267 -0.152476
1517 -0.556551 -0.33871
1938 -0.443913 -0.26569
25 -0.696655 -0.166877
965 -0.449693 -0.054519
983 -0.480512 -0.218596
1888 -0.245412 -0.123065
480 -0.349452 -0.276813
519 -0.706754 -0.187165
1302 -0.471851 -0.115124
1158 -0.483105 -0.193088
1834 -0.378837 -0.0557494
1827 -0.222701 -0.168668
1362 -0.38512 -0.0681575
563 -0.337334 -0.36856
1958 -0.796038 -0.297088
645 -0.315299 0.0319975
5 -0.733561 -0.411289
1793 -0.356034 -0.0191528
177 -0.674705 -0.532117
1263 -0.593933 -0.433881
1788 -0.378262 -0.189947
1146 -0.28978 -0.12266
1033 -0.109371 -0.0238928
684 -0.562335 -0.237381
425 -0.357061 -0.10665
1184 -0.323194 -0.170842
666 -0.599474 -0.0450514
1632 -0.638919 -0.0721338
1203 -0.775563 -0.158382
1698 -0.508896 -0.375396
587 -0.368144 -0.300181
189 -0.71722 -0.253238
1124 -0.818748 -0.238187
1639 -0.379688 -0.525603
1356 -0.353956 -0.307429
1796 -0.697942 -0.441318
13 -0.434881 -0.122863
47 -0.840269 -0.322263
1511 -0.466151 -0.359919
1881 -0.300396 -0.165327
1954 -0.61939 -0.513155
792 -0.429857 -0.00267985
933 -0.442192 -0.299679
671 -0.528419 -0.179237
553 -0.239746 -0.399257
1849 -0.164081 -0.207953
578 -0.224519 -0.267742
634 -0.390213 -0.332962
1180 -0.484599 -0.169802
76 -0.550699 -0.18404
75 -0.732653 -0.432312
1603 -0.498348 -0.0432155
1670 -0.272739 -0.0220001
136 -0.849208 -0.488341
653 -0.387237 -0.292623
541 -0.501833 -0.306908
1389 -0.473338 -0.128734
413 -0.51478 -0.00305005
1786 -0.42934 -0.132888
443 -0.437357 0.0478452
1306 -0.516576 -0.0829576
1940 -0.641228 -0.315806
1953 -0.680797 -0.316005
1739 -0.382536 -0.119396
745 -0.553714 -0.156824
418 -0.341336 -0.399945
264 -0.369265 -0.355224
1002 -0.659845 -0.0676044
255 -0.776033 -0.140852
1564 -0.41655 -0.186854
1550 -0.420548 -0.0842932
1359 -0.502231 -0.262266
1345 -0.315987 -0.14377
1398 -0.710552 -0.477061
681 -0.4073 -0.0281298
1264 -0.296129 -0.345485
1606 -0.610724 -0.172
1000 -0.319357 -0.476798
280 -0.709256 -0.232357
1784 -0.364875 -0.0287908
54 -0.577238 -0.258424
1340 -0.314222 -0.321975
469 -0.266615 -0.382295
1046 -0.219089 -0.31004
1959 -0.713409 -0.209031
780 -0.500605 -0.157889
182 -0.687211 -0.341045
268 -0.726617 -0.155016
765 -0.32538 -0.0162454
1860 -0.35283 -0.0306286
1899 -0.0949837 -0.157013
817 -0.402181 0.0467445
1627 -0.821595 -0.344849
1628 -0.640267 -0.214347
979 -0.32967 -0.0990474
187 -0.729212 -0.202485
1629 -0.81612 -0.328216
1835 -0.267154 -0.141874
1738 -0.364292 0.118028
1605 -0.516078 -0.170416
1595 -0.492979 -0.264212
1905 -0.331361 0.0330845
12 -0.350645 -0.0715501
1525 -0.726342 -0.202163
1911 -0.230607 -0.298496
1063 -0.288028 -0.291968
1732 -0.485201 -0.297354
1347 -0.354196 -0.28226
741 -0.136596 -0.362159
1857 -0.224291 -0.131733
1831 -0.218943 -0.0942211
1541 -0.307109 -0.243249
1545 -0.294163 -0.302666
1900 -0.152026 -0.331542
1969 -0.745336 -0.107103
201 -0.297728 -0.289238
1822 -0.262763 -0.279458
453 -0.434394 0.022251
932 -0.426488 -0.387904
1227 -0.50176 -0.128358
269 -0.541902 -0.284252
551 -0.512201 -0.154173
1648 -0.852132 -0.103037
1134 -0.463884 -0.257465
347 -0.574909 -0.279042
789 -0.337551 -0.428597
518 -0.564493 -0.368386
1652 -0.280158 -0.368155
1386 -0.521324 -0.330974
1003 -0.615403 -0.48235
746 -0.224786 -0.391552
1540 -0.237628 0.00272047
340 -0.769595 -0.45365
742 -0.496894 -0.0463693
261 -0.497595 -0.309385
1446 -0.603231 -0.0682866
445 -0.51332 -0.0072797
1119 -0.434047 -0.289184
406 -0.415019 -0.333595
