3592 2
2956 -0.0629103 0.221355
2955 0.104375 0.150954
548 -0.170341 0.546709
547 -0.109504 0.57392
3370 -0.43976 0.713035
3369 -0.359689 0.652508
1470 -0.215426 0.493761
1469 -0.312192 0.489732
250 -0.0464989 0.551201
249 -0.124124 0.679661
8 -0.393073 0.53306
7 -0.0680388 0.634983
3480 0.0847149 0.570251
3479 -0.00648844 0.549194
2217 -0.0364044 0.545328
2218 -0.215977 0.542013
3047 0.0380558 0.559713
3048 -0.0470173 0.595819
3000 0.00833497 0.552036
2999 0.0845568 0.622666
1570 -0.0299388 0.544585
1569 -0.125477 0.544974
129 -0.121942 0.524976
130 -0.183574 0.542263
914 -0.347512 0.472701
913 -0.0462069 0.537806
450 -0.341447 0.597227
449 0.0179827 0.557249
3098 0.0446636 0.582082
3097 -0.339525 0.473596
419 -0.224522 0.495207
420 -0.0756501 0.535157
2845 -0.152072 0.55247
2846 0.0709314 0.627259
583 -0.0379483 0.542091
584 -0.173965 0.525648
2515 -0.131819 0.579431
2516 -0.190768 0.508468
2213 -0.295873 0.528458
2214 -0.284453 0.491541
872 -0.222825 0.498038
871 -0.0380259 0.547632
1105 -0.236249 0.490414
1106 -0.0495994 0.541229
637 -0.35249 0.4681
638 -0.20648 0.701297
1763 -0.0536304 0.533923
1764 0.0162269 0.550339
1465 -0.310687 0.511729
1466 0.0525366 0.664466
972 -0.0449501 0.543095
971 -0.261701 0.501608
767 -0.293663 0.477753
768 -0.272347 0.625566
3587 0.0712213 0.568305
3588 -0.0622466 0.550418
2711 -0.0948283 0.76958
2712 0.120284 0.58671
1222 -0.0657561 0.539105
1221 -0.271309 0.504183
3155 -0.140426 0.516092
3156 -0.315639 0.511184
333 -0.149435 0.524018
334 0.121011 0.595419
644 -0.072252 0.538945
643 0.135293 0.587672
1811 -0.146502 0.518265
1812 0.0446439 0.56786
3183 -0.191333 0.563955
3184 -0.439504 0.538148
2685 -0.12007 0.525014
2686 0.0592005 0.69117
3154 -0.338441 0.471378
3153 -0.26211 0.665953
2895 -0.358338 0.504386
2896 -0.29167 0.554985
3126 0.0661257 0.563584
3125 0.0729456 0.573422
1100 -0.14034 0.522888
1099 0.0481932 0.569249
727 -0.100915 0.563672
728 -0.0828279 0.531996
3191 -0.304296 0.47546
3192 -0.412891 0.655164
1976 -0.326607 0.495682
1975 -0.31125 0.481678
1380 -0.189656 0.505679
1379 -0.194049 0.525635
3178 -0.230657 0.574458
3177 -0.259006 0.518694
2593 0.0738955 0.56954
2594 -0.027525 0.580639
1152 -0.0438447 0.545198
1151 -0.231077 0.508093
2324 -0.100181 0.692181
2323 -0.332602 0.65319
1178 0.0958116 0.573655
1177 -0.00649828 0.572155
1091 -0.315106 0.47841
1092 -0.346488 0.548712
2303 -0.00639849 0.552563
2304 0.0962897 0.601036
515 -0.379914 0.45966
516 -0.282778 0.49384
1646 0.128491 0.585546
1645 -0.113586 0.620622
1508 -0.188384 0.511341
1507 -0.284213 0.554306
308 0.0837715 0.578434
307 -0.00436352 0.607709
1103 -0.116101 0.5228
1104 -0.195388 0.510816
823 0.0264077 0.555793
824 -0.287081 0.506325
3117 0.0317202 0.552879
3118 0.0486029 0.643044
2745 -0.184435 0.508351
2746 -0.234242 0.517498
1232 -0.0278501 0.544647
1231 -0.262412 0.50525
811 -0.206509 0.501537
812 -0.106281 0.552741
2149 -0.291805 0.480805
2150 -0.183479 0.675996
1966 0.134431 0.585721
1965 -0.0918933 0.557998
2453 -0.263215 0.498817
2454 0.0945247 0.582229
403 0.046022 0.562354
404 -0.0629784 0.539597
558 -0.0853222 0.528393
557 0.0600696 0.569599
562 0.0803179 0.566817
561 -0.167578 0.514398
2360 -0.325251 0.473238
2359 -0.253875 0.49647
2931 -0.170007 0.506348
2932 -0.0740144 0.531554
211 -0.186317 0.538662
212 -0.362508 0.519521
1244 0.0829579 0.571047
1243 -0.00513644 0.554563
1422 -0.0554713 0.537887
1421 -0.346086 0.539659
2549 -0.040415 0.537228
2550 -0.27668 0.496086
611 -0.0782293 0.531242
612 -0.21523 0.502131
176 -0.107505 0.572241
175 -0.374986 0.487346
2528 -0.227451 0.495996
2527 -0.292986 0.485636
2690 -0.0902818 0.52982
2689 -0.212204 0.545159
133 -0.0166342 0.540691
134 0.0364189 0.558558
154 -0.238337 0.558008
153 -0.31724 0.530596
1969 -0.251986 0.497029
1970 -0.0226775 0.56223
1545 -0.155853 0.514335
1546 0.087468 0.609121
659 -0.110003 0.524209
660 -0.0978745 0.546237
935 -0.00286749 0.556132
936 0.128193 0.585936
2699 -0.0779553 0.528529
2700 -0.227983 0.516357
2814 0.0800252 0.571428
2813 0.0880184 0.583476
2917 0.0732143 0.572043
2918 -0.15384 0.526508
3024 -0.334694 0.469833
3023 0.0142889 0.558571
1094 -0.147227 0.559954
1093 -0.109082 0.535751
632 0.122721 0.58047
631 -0.082073 0.553997
680 -0.222421 0.530424
679 -0.174614 0.524192
3339 -0.100059 0.533468
3340 -0.105059 0.52661
3506 -0.0460038 0.538433
3505 0.165126 0.599487
2168 0.00803806 0.5541
2167 -0.291645 0.508956
1977 -0.043917 0.575032
1978 -0.32393 0.481715
3039 -0.180331 0.508023
3040 -0.109335 0.529732
239 -0.335358 0.481787
240 -0.308066 0.481489
89 -0.0666289 0.536529
90 -0.199077 0.529784
1398 -0.0655135 0.556604
1397 -0.291697 0.505501
1275 -0.0462415 0.536084
1276 0.0681718 0.570125
2545 0.0854677 0.611233
2546 -0.0140296 0.566227
2736 0.0914691 0.575562
2735 -0.220959 0.5012
2219 0.0141877 0.592656
2220 0.010002 0.56046
3331 -0.0577143 0.536963
3332 -0.0390542 0.56236
1822 -0.246509 0.484925
1821 -0.102827 0.524721
731 -0.309865 0.595415
732 -0.337598 0.485373
1324 0.0309414 0.551269
1323 0.185486 0.594443
1009 0.0706562 0.586918
1010 -0.0378876 0.552916
3136 -0.16534 0.537217
3135 -0.147209 0.519852
1807 0.12724 0.601282
1808 -0.323982 0.48685
2053 0.110149 0.578578
2054 -0.0655464 0.546748
2280 -0.121597 0.521832
2279 0.152885 0.591111
3275 -0.0928206 0.528438
3276 -0.0423695 0.567193
912 -0.132342 0.524325
911 -0.0296954 0.544804
3408 -0.230313 0.551269
3407 -0.0823221 0.560777
141 -0.318516 0.540776
142 -0.175658 0.533013
780 0.142333 0.586995
779 -0.287107 0.486263
883 -0.113583 0.575302
884 -0.299886 0.505981
3052 0.0758166 0.605338
3051 -0.158883 0.61382
3351 -0.0760247 0.59311
3352 -0.321165 0.487432
82 -0.0332811 0.549777
81 -0.149596 0.53049
776 -0.206945 0.499366
775 -0.160457 0.518407
760 -0.185646 0.627285
759 0.115305 0.593656
2818 -0.328563 0.483948
2817 -0.34119 0.482681
2792 -0.0998517 0.60463
2791 -0.111846 0.524218
1097 -0.0309821 0.614976
1098 0.0569836 0.57329
2584 -0.0956487 0.624328
2583 -0.172274 0.541755
3524 0.0808355 0.571976
3523 -0.227426 0.518514
1022 0.148743 0.668597
1021 -0.333028 0.53559
892 -0.0594489 0.664733
891 -0.28285 0.561505
2250 -0.22856 0.534135
2249 0.105764 0.580633
428 0.0749043 0.604524
427 -0.204825 0.560566
2223 0.10096 0.58182
2224 -0.318515 0.482483
344 0.0412867 0.590015
343 0.0406295 0.58139
762 -0.186125 0.532009
761 -0.201227 0.532815
1310 0.111873 0.596901
1309 -0.26392 0.527594
774 -0.261554 0.523247
773 -0.180045 0.523448
113 -0.114032 0.599857
114 0.0505297 0.568287
3537 -0.301023 0.533101
3538 0.0776602 0.580953
3266 -0.313113 0.562715
3265 0.0550665 0.587856
2317 0.103669 0.591712
2318 -0.27673 0.490171
622 -0.0464085 0.592441
621 -0.221948 0.510304
3210 0.0422205 0.640328
3209 0.0432968 0.60803
3272 -0.282898 0.601448
3271 -0.134319 0.526378
2384 -0.00410231 0.634512
2383 -0.226789 0.511192
801 -0.0541113 0.618206
802 0.183245 0.624952
413 0.0561691 0.62971
414 -0.188054 0.50947
2638 -0.0304879 0.542492
2637 0.111509 0.577792
2520 -0.0372504 0.618488
2519 -0.223 0.564748
1446 -0.0104222 0.575053
1445 -0.182656 0.504691
1948 0.0793958 0.60821
1947 0.00433127 0.555646
3102 -0.249471 0.561471
3101 0.0618263 0.568841
2804 -0.327905 0.577246
2803 -0.346834 0.476386
431 -0.139928 0.563352
432 -0.282253 0.500004
915 -0.190468 0.557304
916 -0.188482 0.529966
3129 -0.295458 0.529771
3130 -0.214485 0.51133
3488 -0.250687 0.504903
3487 -0.322319 0.493358
3141 -0.243102 0.572733
3142 -0.35923 0.469847
2334 0.0919594 0.623863
2333 -0.235502 0.505725
330 0.0442074 0.615762
329 -0.128774 0.54484
2226 -0.171773 0.591568
2225 -0.29948 0.524694
2184 -0.305427 0.540269
2183 -0.00949646 0.583371
1890 0.130055 0.596524
1889 -0.248687 0.505693
3297 -0.0388744 0.592894
3298 0.0447234 0.574923
2642 0.0266579 0.588198
2641 -0.266579 0.497073
1878 -0.128078 0.571231
1877 -0.288626 0.497956
1111 -0.295476 0.526986
1112 -0.262534 0.525157
3419 -0.204378 0.506747
3420 -0.108431 0.522501
2608 -0.0923322 0.616774
2607 -0.240745 0.500918
1386 0.0413469 0.617739
1385 0.0499635 0.571984
1270 -0.0698747 0.634722
1269 -0.0111074 0.57289
1548 -0.217688 0.525268
1547 -0.297342 0.48549
405 -0.295605 0.529074
406 0.118398 0.592122
1789 -0.00624875 0.585133
1790 0.107845 0.590392
2961 -0.381978 0.512653
2962 -0.0372499 0.558555
494 0.127924 0.653524
493 0.0750098 0.579259
152 -0.157195 0.575813
151 0.0603336 0.585183
2890 0.0386675 0.627206
2889 0.0502719 0.580863
3293 0.0956904 0.633701
3294 -0.358854 0.476091
309 -0.0887061 0.591103
310 0.0873234 0.587828
3114 -0.296276 0.557085
3113 -0.347392 0.498355
2163 -0.276272 0.542174
2164 -0.343988 0.488009
2195 -0.0883819 0.587803
2196 -0.229928 0.535741
179 -0.205159 0.527572
180 0.132547 0.619268
422 -0.201649 0.568564
421 -0.245118 0.502796
1013 -0.278673 0.552751
1014 -0.304653 0.516151
2128 -0.211743 0.554699
2127 -0.253209 0.526128
2007 -0.2243 0.624232
2008 -0.0263342 0.680768
2934 0.123057 0.628583
2933 -0.309151 0.519796
1541 0.0333393 0.618417
1542 -0.347289 0.494724
3327 -0.30409 0.538399
3328 -0.119374 0.53737
1117 -0.325304 0.526757
1118 -0.086562 0.548264
2063 0.106266 0.644884
2064 -0.0870873 0.560276
3590 -0.234456 0.574619
3589 -0.25383 0.518729
3121 -0.0626148 0.645635
3122 0.0266726 0.604858
302 0.0762046 0.638556
301 -0.353758 0.49571
1274 0.075762 0.61708
1273 -0.189742 0.510589
1838 -0.069803 0.624118
1837 -0.105106 0.551578
108 0.0691127 0.647717
107 -0.0383369 0.573307
2831 -0.0338444 0.635937
2832 -0.172268 0.564212
2599 -0.161015 0.583001
2600 -0.349531 0.49161
2344 -0.243314 0.528261
2343 0.0623564 0.579133
593 0.0715658 0.610288
594 -0.0564609 0.555495
1240 -0.239164 0.56463
1239 0.0219307 0.570659
1655 0.0222289 0.624931
1656 -0.301379 0.490004
2050 -0.26765 0.49875
2049 -0.246774 0.516614
2175 -0.329168 0.576694
2176 -0.325318 0.490238
2208 -0.123617 0.585083
2207 0.010141 0.609956
1888 0.11856 0.660479
1887 0.0206488 0.601108
2272 0.107973 0.637429
2271 -0.015122 0.558231
2806 -0.0425204 0.592762
2805 -0.326086 0.494044
2171 -0.182467 0.596278
2172 -0.0499103 0.5784
650 -0.322451 0.530624
649 -0.309109 0.49888
270 -0.26783 0.517219
269 0.0848006 0.58272
1719 0.0256965 0.610744
1720 0.0267705 0.565638
1511 -0.135091 0.559054
1512 -0.2843 0.495072
266 0.0186555 0.605003
265 -0.239853 0.499629
1260 0.00955498 0.615983
1259 -0.201842 0.519881
1736 -0.0242384 0.589251
1735 -0.0465582 0.556681
3001 -0.0366074 0.626079
3002 0.0472395 0.578127
2354 -0.242877 0.537881
2353 0.0835766 0.581769
566 -0.292374 0.58731
565 -0.129004 0.566326
2706 0.139141 0.636555
2705 -0.0235453 0.56239
3391 -0.351659 0.537848
3392 0.11771 0.59599
1710 -0.289293 0.570557
1709 -0.127152 0.558861
2622 -0.278375 0.550102
2621 -0.28338 0.514011
2390 -0.256606 0.57279
2389 -0.301761 0.520344
623 -0.300266 0.529253
624 -0.0216882 0.572392
978 -0.114281 0.587468
977 0.0539101 0.596916
2988 0.108148 0.609704
2987 -0.046883 0.576811
1476 -0.325787 0.527731
1475 -0.0411743 0.574386
1964 -0.371223 0.556768
1963 0.0792753 0.634634
2773 0.044946 0.599505
2774 -0.0564606 0.551548
2847 -0.1982 0.570229
2848 -0.291858 0.507246
1587 0.142764 0.62839
1588 0.0742854 0.579469
2941 -0.223485 0.505934
2942 -0.0317773 0.551383
749 -0.152769 0.567153
750 -0.245568 0.499089
1169 -0.249515 0.553598
1170 -0.147349 0.557306
3530 0.153171 0.610112
3529 -0.067799 0.549363
441 -0.0736441 0.592885
442 0.119255 0.598137
1522 0.105475 0.592459
1521 0.0180114 0.574474
1945 -0.127338 0.599788
1946 -0.280728 0.54278
666 -0.219444 0.532451
665 0.163824 0.611438
2958 -0.0401372 0.60499
2957 -0.11313 0.552188
3031 0.00053399 0.612782
3032 -0.0775705 0.557623
1322 -0.273872 0.554142
1321 -0.0679803 0.54899
1479 -0.226355 0.588784
1480 -0.125456 0.58792
2838 -0.13551 0.592332
2837 -0.273283 0.51361
2969 0.144376 0.628922
2970 -0.0625611 0.542698
1403 -0.203075 0.566493
1404 0.158329 0.602422
3089 -0.0468704 0.620014
3090 -0.138369 0.578189
3059 0.0220613 0.605833
3060 0.048361 0.587458
3213 0.0460775 0.601175
3214 -0.169287 0.545778
274 0.0537115 0.615719
273 -0.23627 0.5244
188 0.0853133 0.617485
187 0.0521395 0.588322
490 -0.023419 0.581579
489 -0.12194 0.558672
260 0.11274 0.61802
259 -0.292091 0.512967
2563 0.0423748 0.613894
2564 -0.00816369 0.56632
511 0.0903005 0.624865
512 0.150207 0.616963
276 -0.0752253 0.585034
275 0.093291 0.588677
1762 0.0143055 0.611945
1761 -0.192803 0.547456
1045 -0.17234 0.570858
1046 -0.146234 0.541901
1498 -0.335042 0.541615
1497 0.0517235 0.59311
3092 0.0782818 0.597119
3091 -0.355221 0.499147
3202 -0.345035 0.5408
3201 -0.285556 0.508318
1912 -0.146622 0.584983
1911 0.0375643 0.598973
756 -0.151646 0.586318
755 -0.330853 0.513688
1986 -0.289756 0.550162
1985 0.184539 0.622078
2960 0.0139891 0.61813
2959 -0.30359 0.514156
72 0.0606401 0.627658
71 -0.266314 0.525848
2402 -0.294538 0.557043
2401 -0.168023 0.539872
1495 -0.240189 0.573481
1496 0.0195681 0.578719
1268 -0.0261902 0.615646
1267 -0.308541 0.518359
2770 -0.0301155 0.579208
2769 0.0333752 0.601639
83 0.125529 0.594826
84 -0.326472 0.504353
1370 -0.305375 0.556723
1369 -0.2001 0.536627
23 -0.33332 0.530489
24 -0.0213895 0.560688
3300 -0.192342 0.582212
3299 -0.12937 0.563564
3082 -0.120641 0.595351
3081 -0.292743 0.541646
531 0.0354191 0.584878
532 0.152685 0.597635
1557 -0.36516 0.537896
1558 -0.274395 0.528319
1605 -0.171833 0.574036
1606 0.0209059 0.576496
1796 -0.0388796 0.578006
1795 -0.161392 0.544444
10 -0.161354 0.588671
9 0.0372835 0.599338
244 0.183111 0.65001
243 -0.218188 0.541099
1820 -0.0468886 0.596067
1819 -0.148404 0.544504
2949 -0.222546 0.566833
2950 0.138066 0.609027
2144 -0.155958 0.572815
2143 -0.279589 0.549019
937 -0.0900136 0.582069
938 0.078958 0.586872
1860 -0.133268 0.576639
1859 -0.0592847 0.567234
2052 0.0246109 0.588315
2051 -0.0551575 0.568149
1851 -0.188895 0.594049
1852 -0.202656 0.587748
2408 0.0159394 0.603279
2407 -0.149208 0.548652
1927 -0.171541 0.574773
1928 0.0594494 0.605674
3330 -0.256615 0.559406
3329 0.0704722 0.611833
2118 -0.113308 0.585948
2117 0.102716 0.600759
1804 -0.054361 0.584239
1803 -0.108205 0.542813
941 -0.303889 0.553153
942 0.169989 0.605519
614 -0.134458 0.588094
613 -0.18012 0.565219
987 0.00247598 0.604766
988 0.130086 0.621636
1141 -0.134978 0.544124
1142 0.0855141 0.581803
639 -0.204425 0.549306
640 -0.122791 0.535706
163 0.0724135 0.632936
164 -0.0682966 0.616338
2668 -0.123935 0.556805
2667 -0.351263 0.519899
1301 0.0458534 0.617976
1302 -0.336507 0.522566
1617 -0.276603 0.538242
1618 -0.125886 0.546186
1102 -0.161442 0.583055
1101 0.0640513 0.611639
1961 -0.0713747 0.596595
1962 0.0691006 0.609217
1510 0.0604251 0.612693
1509 0.106954 0.595394
2021 -0.00193007 0.613542
2022 -0.146954 0.558409
2907 -0.0680249 0.590358
2908 -0.0291586 0.592592
1908 -0.23913 0.563645
1907 -0.226854 0.557632
504 -0.142157 0.569898
503 -0.352711 0.517692
3036 0.0441009 0.601133
3035 -0.282008 0.514812
221 -0.240935 0.561456
222 -0.224229 0.550251
1262 -0.246357 0.548331
1261 -0.0288904 0.572548
3403 -0.326021 0.533145
3404 -0.0183214 0.574607
1204 -0.0960978 0.583057
1203 -0.327946 0.527674
1447 -0.375662 0.539221
1448 -0.0562045 0.570706
1242 0.0719038 0.608296
1241 0.00666612 0.568072
1740 -0.0893082 0.579665
1739 -0.0966913 0.561177
6 -0.0275932 0.59424
5 0.0967976 0.615162
1068 0.156593 0.636238
1067 -0.0120462 0.586605
770 -0.206682 0.55577
769 -0.119135 0.562994
2106 0.0654841 0.641799
2105 -0.0384893 0.621947
2755 -0.263191 0.543827
2756 -0.19921 0.526224
3535 -0.0195232 0.609088
3536 -0.16623 0.555489
2855 0.0870882 0.625042
2856 0.0286823 0.586432
2436 0.015301 0.612621
2435 0.0315385 0.580905
385 -0.310711 0.549262
386 -0.311728 0.534499
1626 -0.269908 0.554913
1625 -0.0280209 0.58483
439 -0.0768222 0.602397
440 -0.297499 0.543712
3393 -0.156638 0.582091
3394 0.113013 0.616714
2821 -0.313708 0.553166
2822 0.0292056 0.585812
2479 0.00234825 0.610004
2480 -0.0775695 0.566799
3542 0.0537083 0.636851
3541 -0.273652 0.550773
1285 -0.299394 0.550016
1286 -0.0573414 0.571108
3203 -0.329078 0.535533
3204 0.0988564 0.594335
3012 -0.313527 0.538689
3011 -0.255272 0.505258
690 -0.317029 0.540849
689 -0.185984 0.551128
177 -0.116999 0.579052
178 -0.348902 0.518855
3484 -0.304931 0.549853
3483 -0.13899 0.551978
2802 -0.188056 0.572057
2801 -0.201395 0.534717
3514 0.00888019 0.598697
3513 -0.115631 0.546794
3348 0.0788526 0.625581
3347 0.0568256 0.580193
1015 -0.0708291 0.597133
1016 0.0576537 0.591294
3532 -0.197935 0.559931
3531 -0.310935 0.502212
2800 -0.371098 0.541916
2799 -0.335016 0.535032
3057 -0.120855 0.58758
3058 0.112237 0.601015
1124 -0.302126 0.569343
1123 -0.0817849 0.603353
2372 -0.260387 0.559551
2371 -0.258154 0.537216
214 -0.186619 0.560123
213 0.044628 0.598002
2504 0.00997316 0.602776
2503 -0.0090679 0.572091
1844 0.134447 0.614854
1843 -0.155769 0.554005
2854 -0.290599 0.546073
2853 0.0313438 0.582553
1575 -0.332802 0.566018
1576 -0.170818 0.575029
2827 0.0751584 0.632074
2828 0.107388 0.621561
2551 0.00789843 0.617959
2552 -0.2157 0.54655
2954 -0.0619675 0.604757
2953 -0.139976 0.559127
2009 -0.0291779 0.600505
2010 -0.228846 0.54875
2424 0.143463 0.625266
2423 0.0310844 0.583735
1399 -0.361732 0.544829
1400 -0.0830238 0.562506
1256 -0.0164933 0.605402
1255 -0.204684 0.522955
2469 -0.0722981 0.59537
2470 0.0269904 0.623119
763 -0.00833244 0.594287
764 -0.103684 0.568209
771 0.121023 0.626354
772 0.0506039 0.597469
1755 -0.157864 0.55907
1756 -0.219157 0.545594
3444 -0.172347 0.567316
3443 0.0467184 0.592886
361 -0.313484 0.525084
362 -0.345692 0.494685
2543 -0.128299 0.595993
2544 -0.25728 0.552509
1840 -0.0226153 0.584764
1839 0.118515 0.630304
2876 -0.172406 0.563365
2875 -0.0249594 0.56462
3119 -0.168784 0.549317
3120 -0.155627 0.541242
1238 0.120494 0.611876
1237 0.0204131 0.575678
1039 -0.0352502 0.612907
1040 0.117885 0.630565
2161 -0.336047 0.535774
2162 -0.0636697 0.568672
3366 0.12042 0.641599
3365 -0.143046 0.548381
2415 -0.0756497 0.611443
2416 -0.0674894 0.579661
1115 -0.256559 0.533849
1116 -0.299026 0.520856
3355 -0.310769 0.525267
3356 -0.122849 0.536105
754 -0.333794 0.549953
753 -0.154563 0.573154
609 -0.208554 0.584784
610 -0.32402 0.540082
1527 -0.28348 0.566377
1528 0.049126 0.589599
908 -0.209541 0.568885
907 -0.34069 0.488516
2104 -0.0707361 0.583925
2103 -0.0733097 0.570467
842 -0.221666 0.565506
841 -0.018171 0.608982
2975 -0.214935 0.563556
2976 -0.0773695 0.56648
2059 0.157739 0.623038
2060 -0.15614 0.549489
2141 -0.321739 0.535573
2142 -0.228035 0.54461
1247 0.121223 0.621637
1248 -0.216672 0.542588
1913 -0.0613147 0.611422
1914 -0.231948 0.512269
1325 -0.286642 0.544365
1326 -0.00581488 0.593031
1520 -0.0252828 0.624834
1519 -0.222289 0.544843
2345 -0.0914198 0.594918
2346 -0.0800227 0.604006
2125 -0.101413 0.56907
2126 0.0717086 0.603313
2463 -0.286428 0.5411
2464 -0.123339 0.550078
224 0.0888573 0.62558
223 -0.0557115 0.588955
1769 0.0716898 0.634766
1770 0.180311 0.616989
484 -0.0341033 0.564458
483 -0.0359623 0.568734
217 0.0192101 0.625224
218 0.0539931 0.592927
1758 0.0599328 0.628354
1757 -0.0208327 0.580188
37 -0.242979 0.587905
38 -0.264447 0.548657
1065 -0.367361 0.570734
1066 0.103465 0.630981
1228 -0.329094 0.5348
1227 0.0110033 0.606324
1087 -0.156121 0.599677
1088 0.0703113 0.627754
3380 0.0638378 0.594586
3379 -0.151945 0.55139
1554 -0.15734 0.53361
1553 0.163511 0.599039
2442 -0.147906 0.538681
2441 -0.0913234 0.567191
3279 -0.29083 0.557146
3280 0.0564303 0.574524
3105 -0.0477221 0.581013
3106 -0.303227 0.529043
3439 -0.0630418 0.567671
3440 0.0175237 0.572063
3095 -0.102345 0.600956
3096 0.0260439 0.584858
2923 -0.295609 0.548723
2924 -0.00954451 0.618832
1174 -0.0386622 0.603859
1173 -0.104539 0.564167
2246 -0.206343 0.586589
2245 -0.0219123 0.578154
3195 -0.166826 0.555202
3196 -0.302186 0.515521
560 -0.181703 0.596546
559 -0.22535 0.5592
2177 0.109767 0.630408
2178 -0.194404 0.53489
1279 -0.221576 0.569448
1280 0.0835553 0.60245
1591 -0.335516 0.533564
1592 -0.2203 0.541423
2006 -0.114472 0.565534
2005 -0.068024 0.550298
2538 0.0892888 0.61457
2537 0.145884 0.616453
803 -0.145543 0.557732
804 -0.097542 0.562589
1343 -0.16529 0.566457
1344 -0.0414593 0.587129
663 -0.204312 0.539967
664 -0.206687 0.588932
2816 -0.17519 0.587276
2815 -0.0972947 0.587615
3269 -0.228458 0.593689
3270 0.087572 0.623297
1653 -0.169706 0.576443
1654 -0.224785 0.523069
3042 0.0230782 0.641607
3041 -0.295072 0.560545
1616 0.0175723 0.635604
1615 -0.0139271 0.576872
2080 -0.295665 0.532527
2079 0.0776225 0.604664
2517 -0.279102 0.526387
2518 0.00778762 0.594676
1406 -0.0399435 0.595526
1405 0.0836904 0.585291
1684 -0.0634419 0.604239
1683 0.168024 0.599651
2027 -0.164482 0.555959
2028 0.088528 0.629041
2451 -0.241292 0.571579
2452 -0.274079 0.509707
1699 0.0623818 0.616073
1700 -0.148875 0.566067
1388 -0.0869316 0.563297
1387 0.0365266 0.573683
85 -0.019748 0.625588
86 -0.287706 0.525392
961 -0.0165107 0.605437
962 0.0989527 0.61695
2679 -0.00931007 0.621375
2680 -0.0812213 0.601707
2123 -0.157266 0.570651
2124 -0.343713 0.558558
2341 -0.185608 0.583063
2342 -0.00583241 0.592484
1033 -0.201101 0.556313
1034 -0.146386 0.572117
2898 -0.270193 0.530162
2897 -0.25733 0.557761
1053 0.17204 0.611805
1054 -0.2581 0.519167
297 -0.195564 0.537114
298 0.0658232 0.59414
2472 0.0560816 0.649022
2471 -0.0540051 0.627031
3216 0.00216788 0.614145
3215 -0.0720875 0.567111
2775 0.0269635 0.639286
2776 0.0740251 0.605385
3180 -0.168116 0.54801
3179 -0.366705 0.530555
1272 -0.164921 0.578973
1271 0.159848 0.606009
2083 -0.33879 0.541193
2084 -0.206558 0.557804
851 -0.0057225 0.579789
852 0.117351 0.601159
1086 0.0732047 0.604762
1085 -0.19546 0.545264
2165 -0.379088 0.561848
2166 0.0782491 0.608086
1555 -0.224676 0.549292
1556 -0.196093 0.56766
2927 0.0815836 0.638993
2928 0.128189 0.628393
1630 0.0893776 0.593727
1629 0.0481405 0.606309
2102 0.148762 0.615285
2101 -0.247545 0.547289
2155 -0.212623 0.554679
2156 -0.304906 0.52019
3411 -0.326964 0.539248
3412 0.147616 0.608733
2865 -0.193503 0.569085
2866 0.00255408 0.60148
1603 0.0421154 0.598066
1604 -0.203478 0.53735
3112 0.0634871 0.64928
3111 0.0214119 0.634257
2287 -0.129075 0.571172
2288 0.0130558 0.609629
973 -0.0552201 0.606036
974 -0.110597 0.599129
2788 0.0670656 0.612269
2787 -0.0317765 0.557634
783 -0.0301934 0.607812
784 0.123667 0.645289
327 0.0340642 0.587674
328 -0.112672 0.575675
2446 -0.0915591 0.57021
2445 -0.295738 0.527977
2396 0.040461 0.579394
2395 -0.139143 0.544581
2718 -0.0749428 0.580357
2717 -0.288225 0.51679
2410 0.165239 0.625771
2409 -0.00821342 0.557547
1589 0.0496347 0.586324
1590 0.178603 0.61136
1610 -0.275649 0.556979
1609 0.118437 0.643706
1360 -0.0435856 0.605531
1359 -0.02693 0.582721
1685 -0.0366968 0.596026
1686 0.140181 0.614351
742 -0.0972342 0.61432
741 0.118856 0.627043
2857 0.0310785 0.593512
2858 -0.167113 0.527334
2373 -0.252362 0.585084
2374 -0.253564 0.533907
167 0.00954641 0.590294
168 -0.213473 0.579165
3067 -0.0719948 0.588382
3068 -0.0409601 0.613193
2295 -0.0758966 0.545668
2296 -0.210221 0.516533
2505 -0.220358 0.573137
2506 0.0394399 0.619988
1007 -0.224953 0.543017
1008 -0.0533696 0.548818
392 -0.34201 0.552065
391 -0.170124 0.55994
3515 0.0428595 0.595601
3516 -0.253986 0.513042
2709 0.0975729 0.636009
2710 -0.30188 0.52902
2639 0.150106 0.613958
2640 0.0423173 0.608458
3429 -0.0450231 0.627269
3430 -0.0274898 0.590856
2922 -0.147059 0.547841
2921 -0.270188 0.509627
2691 -0.158775 0.61628
2692 0.0289214 0.605264
1957 0.0439995 0.6214
1958 -0.107769 0.608297
2620 -0.232728 0.563943
2619 -0.0210444 0.568844
2033 -0.327879 0.507321
2034 -0.241046 0.570166
539 -0.169077 0.545808
540 -0.204483 0.527103
1459 -0.262526 0.589945
1460 -0.365722 0.556415
2778 -0.319307 0.517429
2777 -0.00347157 0.586762
447 -0.305285 0.54482
448 0.138656 0.623611
1072 -0.338874 0.572745
1071 -0.151703 0.540903
606 -0.267796 0.53984
605 -0.240544 0.544953
2590 -0.140417 0.569975
2589 -0.083021 0.603206
1953 -0.105788 0.629867
1954 -0.0212666 0.604926
3190 -0.234784 0.599204
3189 -0.0966876 0.615961
1107 -0.373246 0.557187
1108 0.00852671 0.633335
1922 0.0798986 0.646804
1921 -0.302725 0.558391
1162 -0.334822 0.523259
1161 -0.228965 0.561807
470 -0.261776 0.55102
469 -0.304731 0.530491
796 -0.176469 0.599413
795 -0.156595 0.589411
341 0.168144 0.621751
342 -0.337073 0.55361
2121 -0.0732543 0.621214
2122 -0.0375551 0.574183
1584 -0.0911572 0.616362
1583 -0.25332 0.542733
2400 -0.149763 0.584027
2399 -0.263829 0.54572
2843 0.0303281 0.627711
2844 -0.129981 0.539058
1929 -0.220946 0.565562
1930 -0.0111505 0.579105
2497 -0.112808 0.613696
2498 -0.241287 0.537772
3152 -0.293023 0.578463
3151 -0.249093 0.533623
960 -0.156649 0.58238
959 -0.1369 0.533242
1846 -0.0227146 0.612551
1845 -0.0889843 0.546522
2653 0.00690869 0.583701
2654 -0.104365 0.54973
3580 -0.0967611 0.555352
3579 -0.0378493 0.555247
2920 -0.36528 0.550016
2919 -0.370003 0.540797
313 0.0996596 0.654964
314 -0.322103 0.486685
2893 -0.186187 0.55587
2894 -0.182805 0.517365
2239 -0.328712 0.569082
2240 0.0396199 0.592132
2588 -0.0343017 0.619736
2587 0.110864 0.630936
2046 -0.125493 0.6184
2045 -0.0623586 0.57402
958 -0.283772 0.533336
957 0.0100798 0.627482
1002 -0.40881 0.569276
1001 -0.384277 0.561281
3539 0.0203147 0.612502
3540 -0.101469 0.547423
461 -0.054249 0.587604
462 -0.21215 0.544083
1818 -0.13017 0.607544
1817 -0.292905 0.52542
825 -0.175001 0.566289
826 -0.13324 0.591699
2499 -0.241233 0.588862
2500 0.0379079 0.601962
2892 -0.329876 0.578752
2891 -0.054062 0.584732
2044 -0.291194 0.537327
2043 -0.295879 0.532332
1689 -0.223956 0.587334
1690 -0.18937 0.572005
1956 -0.131065 0.555628
1955 0.0488411 0.640946
3417 0.0374412 0.608846
3418 -0.183334 0.55467
436 -0.19094 0.597475
435 -0.286939 0.557913
1991 0.0122659 0.615531
1992 -0.104973 0.593912
44 -0.0783686 0.620189
43 -0.359042 0.507508
894 -0.0858151 0.598746
893 -0.0784547 0.607097
792 -0.0985952 0.563966
791 -0.0550601 0.56598
2221 0.0348181 0.615236
2222 -0.0608786 0.61717
1830 -0.0245911 0.581969
1829 -0.257815 0.522122
3131 -0.107851 0.578257
3132 -0.0257173 0.567548
1895 -0.0419587 0.628759
1896 -0.384519 0.539067
1968 -0.131942 0.561284
1967 0.0905931 0.60491
292 0.0607528 0.60913
291 -0.23651 0.547224
3288 -0.00116838 0.59445
3287 -0.313579 0.534457
2483 -0.28387 0.530521
2484 -0.117808 0.536116
2786 -0.102912 0.586073
2785 -0.20403 0.541925
1454 -0.133863 0.60829
1453 -0.291339 0.556039
1478 -0.269348 0.580958
1477 -0.0348202 0.562852
1171 -0.182513 0.564693
1172 -0.365207 0.550909
726 -0.325476 0.529547
725 -0.0893605 0.600625
1306 0.0491291 0.617645
1305 -0.01548 0.579195
2421 -0.0921555 0.610477
2422 -0.135186 0.548306
3053 0.0448493 0.626073
3054 -0.114658 0.573123
687 -0.348355 0.557507
688 -0.0514991 0.558949
1918 -0.197928 0.586305
1917 -0.0176515 0.626668
384 -0.0713246 0.570459
383 0.024082 0.592628
3289 -0.335811 0.528957
3290 -0.312561 0.517736
1814 0.0468961 0.623321
1813 -0.291641 0.541532
2286 -0.33641 0.549128
2285 -0.132645 0.560887
15 -0.142748 0.539502
16 -0.254259 0.554998
615 0.046653 0.617209
616 -0.239256 0.563893
200 0.0237889 0.645276
199 0.0870854 0.584183
1743 -0.0486709 0.603025
1744 -0.0495221 0.564968
2231 -0.0984498 0.610031
2232 -0.00521773 0.618919
2623 -0.212636 0.517395
2624 -0.00923062 0.630372
2082 -0.416273 0.549305
2081 -0.402862 0.54706
1607 -0.10127 0.61781
1608 -0.254445 0.574913
969 -0.220727 0.522667
970 -0.166095 0.535667
99 -0.132956 0.555011
100 -0.123547 0.565827
1156 -0.28976 0.513861
1155 -0.357641 0.477919
509 -0.00445323 0.616996
510 -0.310047 0.543358
1679 -0.169876 0.564875
1680 -0.036313 0.586755
3307 0.0698044 0.674733
3308 -0.252944 0.582027
2985 -0.294223 0.533259
2986 -0.181996 0.51514
843 0.0132369 0.642352
844 -0.19658 0.520887
2243 -0.295155 0.565226
2244 -0.142561 0.586648
429 0.040864 0.617116
430 -0.154654 0.617655
1514 0.0388292 0.616373
1513 -0.249815 0.54327
1767 0.0904764 0.647665
1768 -0.112323 0.557961
1188 -0.209282 0.543527
1187 0.0906517 0.600469
943 0.0149131 0.597965
944 0.12238 0.616122
2841 -0.173133 0.537547
2842 0.0567488 0.636967
1994 -0.0798631 0.611189
1993 -0.0681549 0.625076
1559 -0.0785356 0.577289
1560 0.0445405 0.599823
1499 -0.388994 0.571919
1500 -0.252438 0.535506
1900 -0.135838 0.566027
1899 -0.297221 0.507652
3037 -0.192193 0.574024
3038 -0.202719 0.604917
806 -0.443869 0.549338
805 -0.362661 0.500764
20 -0.0213459 0.645595
19 0.0245149 0.641494
701 -0.0509435 0.642521
702 -0.106922 0.593975
1996 -0.0538227 0.636533
1995 -0.35143 0.544473
2525 0.0585833 0.589509
2526 0.0836015 0.594728
1235 -0.251679 0.570085
1236 -0.051844 0.611003
2227 -0.278353 0.523875
2228 -0.277209 0.500036
377 0.0725549 0.61509
378 -0.0823642 0.595189
3467 -0.338994 0.575634
3468 0.0757786 0.617513
242 -0.0846797 0.564869
241 -0.046701 0.625461
293 0.0331123 0.612591
294 -0.326823 0.530785
3335 0.04938 0.60576
3336 0.163857 0.608253
210 -0.413375 0.539976
209 -0.400756 0.528309
1772 -0.251895 0.541395
1771 -0.310392 0.535365
2998 0.0692498 0.597965
2997 -0.307389 0.505475
480 -0.263825 0.574163
479 0.0465044 0.663766
1300 -0.260195 0.571695
1299 -0.238805 0.519164
215 -0.276852 0.531775
216 -0.181586 0.535277
2793 0.0985626 0.658725
2794 -0.295006 0.509316
31 0.023131 0.579068
32 0.152419 0.626961
1640 0.084828 0.6091
1639 0.0124702 0.615913
1624 0.0838004 0.597719
1623 -0.297331 0.532612
3237 -0.142501 0.551074
3238 -0.37351 0.509257
3254 0.048296 0.627555
3253 -0.252401 0.51869
975 -0.211649 0.521381
976 -0.0618114 0.563116
1148 -0.30815 0.5614
1147 0.0945832 0.591467
482 -0.384902 0.523451
481 -0.413467 0.566898
2658 -0.0964473 0.604945
2657 -0.0148012 0.625363
1780 -0.155793 0.592043
1779 -0.0629061 0.544953
3544 -0.0213017 0.656732
3543 0.129049 0.606253
2465 0.0769132 0.628101
2466 -0.24125 0.540735
848 -0.152596 0.585736
847 0.0366638 0.613037
694 -0.0793683 0.560193
693 0.0183297 0.586838
146 -0.0567999 0.551411
145 -0.0853328 0.542403
398 -0.274177 0.509253
397 -0.241844 0.588429
1667 0.14372 0.61974
1668 -0.00925126 0.636332
2796 -0.312485 0.564567
2795 -0.350122 0.517599
443 0.0345575 0.598029
444 -0.0263172 0.562072
2188 -0.169838 0.605879
2187 -0.269716 0.583914
3363 -0.280896 0.594229
3364 -0.183041 0.535941
2306 -0.31855 0.57759
2305 -0.162639 0.549878
720 -0.0238455 0.564375
719 -0.125169 0.532149
633 -0.371486 0.526389
634 0.0950593 0.634146
2262 -0.0187506 0.5821
2261 -0.144137 0.536874
2649 -0.0778525 0.578166
2650 -0.270569 0.563824
1011 -0.263681 0.525599
1012 0.0496268 0.663481
253 -0.0951381 0.612333
254 -0.211029 0.550169
2694 -0.236379 0.60806
2693 -0.301033 0.511332
691 0.0912418 0.606528
692 -0.310287 0.513144
786 0.0526848 0.674851
785 -0.402837 0.546769
159 -0.369893 0.554602
160 -0.360153 0.488319
1189 -0.435529 0.554784
1190 -0.0588973 0.626034
1003 -0.0674379 0.653594
1004 -0.118776 0.591063
1109 -0.194789 0.563894
1110 0.0314812 0.587302
739 -0.0429104 0.597267
740 0.0369846 0.635296
1504 -0.204724 0.571632
1503 -0.245551 0.582826
669 -0.395018 0.529371
670 -0.263039 0.536269
1628 -0.338304 0.566177
1627 -0.067893 0.585002
983 -0.00384335 0.569268
984 -0.305786 0.509815
2427 -0.108086 0.607685
2428 -0.131231 0.556028
1676 -0.0350976 0.593704
1675 -0.355725 0.483058
1371 0.0113301 0.577117
1372 -0.0607932 0.619249
3316 -0.169368 0.55166
3315 0.057635 0.608801
2312 -0.18865 0.549162
2311 -0.25978 0.573849
1213 -0.165357 0.542399
1214 -0.277405 0.556809
104 0.114164 0.601224
103 -0.308384 0.493191
699 -0.34071 0.507051
700 -0.142628 0.585411
3345 -0.158293 0.559737
3346 -0.184534 0.603199
1754 0.0907987 0.654068
1753 -0.268097 0.513872
2612 0.0470496 0.603376
2611 -0.184404 0.525915
1202 -0.23759 0.54925
1201 -0.0288786 0.618008
608 -0.086045 0.549715
607 -0.15843 0.543649
3044 -0.265016 0.553024
3043 -0.199746 0.540976
1019 -0.241037 0.594071
1020 -0.3382 0.569433
2235 -0.349444 0.487068
2236 -0.141294 0.548559
2703 -0.123311 0.638616
2704 -0.173021 0.597065
456 -0.17809 0.549202
455 -0.134247 0.608313
1943 -0.336968 0.588675
1944 -0.313303 0.547026
2089 -0.276656 0.604141
2090 0.0107248 0.61816
2790 -0.285702 0.59248
2789 0.0419149 0.610055
2861 -0.093399 0.602624
2862 -0.263744 0.574492
53 0.0528451 0.598513
54 0.102816 0.61313
3507 -0.114536 0.563934
3508 -0.189999 0.603012
2392 0.0276629 0.616726
2391 -0.195457 0.518885
2605 -0.0462816 0.650201
2606 -0.148894 0.564227
952 -0.052174 0.643895
951 -0.243237 0.535108
3075 -0.153559 0.573332
3076 0.113819 0.615498
186 -0.0884568 0.574249
185 -0.148226 0.632389
2509 -0.118292 0.557362
2510 -0.0699165 0.561632
2129 -0.394046 0.544843
2130 -0.194689 0.545178
3166 -0.00309197 0.5934
3165 0.0282508 0.57428
1464 -0.0726073 0.65341
1463 -0.323993 0.560847
453 0.139967 0.613322
454 0.159921 0.619978
2381 -0.395152 0.548903
2382 -0.00498564 0.562112
2367 -0.0281103 0.625262
2368 -0.0916166 0.611184
337 0.136304 0.601624
338 0.000398653 0.615996
98 -0.0854513 0.65451
97 -0.0162359 0.574588
3205 -0.0441652 0.662686
3206 0.055783 0.676904
1579 -0.326444 0.539787
1580 -0.0575883 0.603574
3301 0.00945042 0.570259
3302 0.0438302 0.575221
356 -0.327393 0.50655
355 -0.30895 0.53036
2661 -0.0404017 0.648526
2662 -0.175756 0.556232
1224 0.0389281 0.638449
1223 0.100485 0.610234
3127 -0.359704 0.592002
3128 -0.0493172 0.657737
814 -0.046432 0.58539
813 0.00999362 0.603116
463 -0.349437 0.580123
464 -0.22183 0.531095
1678 0.129733 0.627567
1677 -0.0280269 0.560726
603 -0.178641 0.600584
604 -0.40153 0.560667
2628 0.0201362 0.608976
2627 -0.268294 0.564705
1778 -0.37839 0.552692
1777 -0.180342 0.520001
667 -0.143913 0.618079
668 -0.351701 0.541014
3235 -0.0182037 0.663616
3236 -0.188168 0.618297
376 -0.0980052 0.57961
375 -0.115369 0.629605
487 0.152694 0.622642
488 0.0866512 0.606849
3094 -0.366615 0.550457
3093 0.0217202 0.618209
1327 0.0142753 0.658329
1328 -0.035962 0.644394
2973 -0.0937558 0.600516
2974 -0.27727 0.536787
636 -0.286515 0.503516
635 -0.0844834 0.648818
2300 0.0204809 0.678014
2299 0.0260103 0.600799
787 -0.318078 0.51485
788 -0.211352 0.566078
45 -0.216962 0.522576
46 -0.10071 0.60758
2580 -0.272185 0.590735
2579 -0.244825 0.571247
808 -0.0980892 0.560172
807 -0.158821 0.609869
1751 -0.359429 0.501172
1752 -0.0900718 0.58138
3422 -0.302754 0.534262
3421 -0.325241 0.59221
553 0.0173823 0.620118
554 -0.00953335 0.580399
2541 -0.126147 0.616382
2542 0.0561462 0.614872
1334 0.073822 0.593805
1333 -0.183947 0.520901
1649 0.0204675 0.59916
1650 -0.177843 0.587494
2016 -0.0251639 0.579117
2015 0.0469923 0.647739
721 -0.00900951 0.646243
722 0.0277059 0.609803
564 0.11474 0.609885
563 -0.0177406 0.589933
836 -0.0443432 0.668978
835 -0.0132617 0.57785
2263 -0.0248755 0.613174
2264 -0.0423172 0.665391
1725 -0.00406704 0.597272
1726 -0.0487991 0.568054
2741 -0.0715881 0.66152
2742 -0.238338 0.51148
1797 0.151707 0.625464
1798 -0.0790691 0.571279
1330 0.147695 0.606135
1329 0.0210402 0.66531
683 -0.369915 0.601774
684 -0.2817 0.513067
2585 -0.248617 0.616842
2586 -0.1958 0.62137
1651 -0.336441 0.522004
1652 -0.238761 0.610643
1701 0.0114235 0.66531
1702 -0.208608 0.536286
2107 -0.362941 0.586833
2108 -0.272591 0.493137
2418 -0.224143 0.572498
2417 -0.237026 0.572551
2461 0.093938 0.609701
2462 -0.185892 0.60942
2190 -0.223007 0.535314
2189 -0.264913 0.516046
735 -0.271532 0.554034
736 -0.106575 0.655564
1138 0.00928009 0.673665
1137 -0.256724 0.600144
3103 -0.28773 0.599464
3104 -0.181083 0.546953
1431 -0.00692953 0.672423
1432 -0.353636 0.507589
997 -0.0278339 0.640334
998 -0.234162 0.630586
3470 -0.0401448 0.56891
3469 0.0322363 0.573265
1439 -0.411517 0.575987
1440 -0.0899803 0.583329
35 -0.327555 0.518287
36 0.0960559 0.629652
305 -0.238649 0.624894
306 -0.15906 0.552691
411 -0.317149 0.595252
412 -0.114137 0.556666
2513 -0.239622 0.622783
2514 0.134946 0.600203
2193 -0.322469 0.500511
2194 -0.0310297 0.591184
1436 -0.174102 0.53432
1435 0.0318979 0.663859
1219 -0.219457 0.603143
1220 -0.222558 0.620023
1865 -0.0209818 0.59674
1866 0.166663 0.638165
3070 0.0641704 0.687307
3069 -0.0913212 0.551757
2597 0.129359 0.587219
2598 -0.275851 0.490481
3368 -0.286628 0.502836
3367 0.0290245 0.605581
1249 0.125908 0.612008
1250 -0.348665 0.578446
3243 -0.321742 0.549448
3244 -0.33038 0.566474
2784 -0.075084 0.584582
2783 -0.0128562 0.585613
601 -0.173316 0.596336
602 -0.356529 0.541819
549 0.101305 0.614428
550 0.00502933 0.673983
2678 -0.326057 0.544629
2677 -0.0456672 0.65996
1485 0.0379896 0.60373
1486 -0.239493 0.597574
3342 -0.0295917 0.568979
3341 -0.210482 0.597934
2929 0.00918157 0.638685
2930 0.0133818 0.603557
2826 -0.257815 0.541537
2825 -0.0155155 0.669381
3510 -0.242015 0.622756
3509 -0.100908 0.599068
524 0.0131198 0.677788
523 -0.0655708 0.569705
2197 -0.087326 0.624479
2198 -0.253116 0.530612
781 -0.0842698 0.573986
782 0.0595133 0.639844
61 -0.165374 0.639079
62 0.0444109 0.585154
1707 0.000928576 0.614938
1708 0.0150977 0.620131
3565 -0.0879495 0.576452
3566 0.0329291 0.667881
58 -0.249728 0.624923
57 -0.167907 0.553013
3074 -0.0987589 0.563491
3073 0.138572 0.638226
1632 -0.20606 0.558709
1631 -0.0721385 0.600582
1729 -0.230832 0.596465
1730 -0.392748 0.573383
1903 -0.141651 0.648576
1904 -0.0818024 0.591479
2254 -0.0619268 0.560212
2253 -0.0223594 0.647516
3386 0.104386 0.612208
3385 -0.0895206 0.561121
3358 -0.293926 0.610218
3357 -0.277407 0.529775
477 0.057486 0.638185
478 -0.0671964 0.579404
968 0.00906158 0.655284
967 -0.0910166 0.639313
3456 -0.287863 0.588504
3455 0.0109256 0.673859
3381 -0.206088 0.531675
3382 0.0804703 0.599744
219 -0.0126395 0.600286
220 -0.140075 0.532418
1894 0.0933555 0.665884
1893 -0.143943 0.597022
2087 -0.0412947 0.652694
2088 -0.0396031 0.572319
920 -0.0461104 0.647409
919 -0.228419 0.518724
1292 -0.349148 0.58978
1291 -0.0840288 0.581714
2327 -0.0883911 0.555845
2328 0.151353 0.611157
3207 -0.2074 0.58268
3208 -0.067786 0.558094
889 -0.0481923 0.615866
890 -0.112368 0.55083
1056 -0.0999546 0.657579
1055 -0.385958 0.585791
1296 0.020459 0.676531
1295 -0.0860617 0.561807
2660 -0.356136 0.58888
2659 0.0636604 0.631253
1658 0.0399452 0.68541
1657 -0.196872 0.635021
3401 -0.26606 0.51311
3402 0.118344 0.659852
737 -0.282526 0.526599
738 -0.255073 0.6162
150 -0.36349 0.559644
149 -0.147498 0.602574
829 0.11241 0.620868
830 0.0314449 0.655301
13 -0.192497 0.53867
14 -0.106785 0.557497
651 -0.402755 0.5701
652 -0.174181 0.593753
169 0.0735743 0.685182
170 -0.017374 0.624378
1728 -0.163684 0.621393
1727 -0.0497863 0.574835
2835 0.121739 0.654865
2836 -0.0504847 0.641928
2729 -0.25915 0.611209
2730 -0.299132 0.596231
2039 -0.251102 0.52441
2040 -0.0779018 0.549735
2309 -0.0104894 0.586981
2310 -0.0578285 0.560105
87 0.0727535 0.614671
88 -0.3111 0.53197
370 -0.237256 0.612738
369 -0.261945 0.526916
1396 -0.21256 0.570853
1395 -0.0555666 0.552397
3581 -0.283716 0.585592
3582 -0.133806 0.566
747 0.11593 0.619343
748 -0.0161279 0.644412
686 -0.176446 0.558444
685 0.00396066 0.65966
2349 -0.252084 0.538495
2350 -0.0281496 0.616354
596 -0.0153701 0.557257
595 -0.0757987 0.539144
2138 0.118776 0.611854
2137 -0.0676589 0.558543
2191 -0.243682 0.519419
2192 -0.242212 0.517435
2617 -0.0526629 0.661317
2618 -0.106412 0.554121
2757 0.00178424 0.595151
2758 -0.0570135 0.575555
1075 -0.212674 0.530032
1076 -0.0445904 0.650961
2565 -0.309917 0.50649
2566 -0.0801565 0.548066
1444 -0.143335 0.639544
1443 -0.243183 0.557982
1596 -0.272204 0.610149
1595 -0.0284486 0.650006
304 -0.00232981 0.599945
303 -0.234886 0.617632
2967 -0.171749 0.587819
2968 -0.164978 0.558401
2258 -0.388279 0.581301
2257 0.0401395 0.656399
126 -0.255701 0.525479
125 -0.321525 0.503069
3188 -0.378729 0.571858
3187 -0.313584 0.496596
2634 0.0425099 0.594295
2633 -0.0258676 0.630129
713 -0.240473 0.561328
714 0.109794 0.61835
3150 -0.170423 0.639226
3149 -0.290561 0.554554
3079 -0.033834 0.571144
3080 -0.0470443 0.624819
70 -0.184509 0.540971
69 -0.213797 0.605346
3478 -0.0715158 0.574355
3477 -0.192998 0.552909
2713 -0.400708 0.5533
2714 -0.221114 0.597097
3167 -0.0546798 0.664029
3168 -0.147768 0.586157
3252 -0.0956554 0.564707
3251 0.0119813 0.594423
3291 -0.00358453 0.620565
3292 -0.00687448 0.574598
1061 0.118694 0.631829
1062 -0.0840973 0.584113
2625 0.0268553 0.675366
2626 -0.0686577 0.564703
1535 -0.304599 0.593841
1536 -0.0487963 0.577204
966 -0.26125 0.61391
965 0.0804004 0.626955
1706 -0.0498936 0.564126
1705 0.028084 0.652506
1731 -0.0868623 0.595231
1732 0.0996803 0.65938
2768 -0.195265 0.628626
2767 -0.110505 0.596543
1566 0.0481794 0.680191
1565 -0.0144958 0.587114
2316 0.0782577 0.612356
2315 0.138401 0.608009
25 -0.00283872 0.644722
26 0.103047 0.602703
887 -0.0764046 0.640724
888 -0.317209 0.508512
3338 0.00995847 0.663225
3337 0.132833 0.608341
995 -0.351685 0.52114
996 -0.247436 0.511478
2095 -0.106417 0.564106
2096 -0.231379 0.535676
855 -0.050874 0.65483
856 -0.0595479 0.615553
3148 0.086748 0.640139
3147 -0.0510868 0.642991
1058 0.00239076 0.623524
1057 -0.230592 0.620601
673 -0.284228 0.518827
674 -0.348048 0.583479
2553 0.0602124 0.678643
2554 0.137747 0.601097
526 -0.273215 0.541031
525 0.0101085 0.6443
2734 0.0887482 0.603725
2733 -0.174889 0.628337
1433 0.0950925 0.685173
1434 -0.351534 0.525703
193 -0.137982 0.556825
194 -0.0113403 0.587105
875 -0.150268 0.575006
876 -0.218898 0.549803
3551 -0.0651304 0.627292
3552 -0.11447 0.628639
1352 0.0564864 0.635502
1351 -0.0772824 0.600817
2603 -0.0730517 0.564302
2604 0.0114128 0.583027
237 -0.128516 0.55888
238 -0.0456139 0.605472
2270 -0.142515 0.629665
2269 0.0595922 0.601604
485 0.144164 0.635361
486 0.0689003 0.590862
1206 -0.0968677 0.643174
1205 -0.106959 0.545226
2238 0.0167482 0.595759
2237 0.0452439 0.622881
2041 -0.166172 0.526724
2042 0.160358 0.614385
734 -0.305094 0.53981
733 -0.126701 0.569811
2601 -0.292362 0.579698
2602 0.0207654 0.592257
367 0.089405 0.626913
368 -0.377915 0.577319
2414 -0.139121 0.5781
2413 -0.0336244 0.660468
3224 -0.0444913 0.668763
3223 -0.25875 0.561939
2481 -0.0554565 0.63056
2482 -0.176546 0.544303
1933 -0.358657 0.566008
1934 -0.0689884 0.588973
3232 -0.181358 0.633328
3231 -0.277516 0.541309
166 0.0365919 0.670125
165 0.16557 0.619771
2098 -0.255188 0.533341
2097 0.0486622 0.680954
1784 0.0267029 0.676193
1783 0.0320423 0.584579
2136 0.0383404 0.61056
2135 -0.152193 0.643475
56 0.0398298 0.599856
55 0.00493644 0.589358
472 -0.261891 0.595809
471 0.0010972 0.584955
1346 -0.0868838 0.585474
1345 -0.144097 0.549658
11 -0.335342 0.600134
12 -0.13958 0.564364
2539 -0.257341 0.572425
2540 -0.219793 0.524488
1601 0.0259212 0.667845
1602 0.00985628 0.579216
2772 0.132035 0.641576
2771 -0.316892 0.522805
706 -0.0887471 0.565782
705 -0.302834 0.530956
1874 0.0259222 0.575563
1873 -0.11207 0.577944
147 -0.38768 0.59041
148 0.0204086 0.581598
2073 0.081771 0.596702
2074 -0.216021 0.61865
2035 0.0524931 0.574259
2036 -0.105505 0.545402
2737 -0.121776 0.657278
2738 -0.0665814 0.568471
818 -0.345284 0.600554
817 -0.103376 0.552055
1799 -0.254388 0.518352
1800 -0.368539 0.574898
3083 -0.11101 0.581795
3084 -0.187605 0.54335
3199 -0.33994 0.612472
3200 -0.248599 0.626098
2860 0.136825 0.602996
2859 -0.0402481 0.560274
158 -0.035343 0.674101
157 -0.0511386 0.664824
1122 0.084366 0.691036
1121 -0.291327 0.542284
2669 0.165313 0.619312
2670 0.114451 0.685412
132 -0.26775 0.528122
131 -0.218266 0.60073
2274 -0.00720606 0.654666
2273 -0.0980102 0.647202
1637 -0.116878 0.567889
1638 -0.252111 0.570358
3498 -0.103503 0.542446
3497 -0.0914074 0.547285
3583 0.0796939 0.607309
3584 0.0464267 0.632404
2556 0.0686675 0.597988
2555 -0.251215 0.50834
3489 -0.304274 0.529003
3490 -0.0992212 0.571717
2982 -0.136574 0.5505
2981 -0.00873079 0.601802
162 -0.342576 0.549854
161 0.0662537 0.663324
2265 -0.335802 0.620989
2266 0.139198 0.634219
543 -0.0983983 0.661494
544 -0.304791 0.586081
3397 -0.151964 0.561767
3398 0.123001 0.605173
1664 0.0987286 0.602902
1663 -0.393028 0.6012
1450 -0.0381148 0.643608
1449 0.0698444 0.583031
1158 -0.240192 0.508444
1157 -0.329353 0.531047
831 -0.300531 0.521975
832 -0.274256 0.523589
2819 -0.323655 0.51038
2820 0.0611207 0.687298
878 -0.297894 0.497107
877 -0.410115 0.577401
1193 -0.132701 0.602571
1194 -0.071812 0.552126
1179 -0.160147 0.564028
1180 -0.0849652 0.562411
2614 -0.378169 0.562384
2613 -0.0912524 0.644966
1181 -0.0638252 0.569184
1182 -0.222148 0.608858
2724 -0.0149945 0.583033
2723 0.153707 0.607525
278 0.0203868 0.689518
277 -0.0535707 0.672243
1027 0.151811 0.617667
1028 0.00375236 0.578517
1375 -0.198461 0.583206
1376 -0.289954 0.515247
3414 0.0549135 0.654957
3413 -0.273098 0.50107
3325 -0.274965 0.584982
3326 -0.228298 0.559638
2839 -0.0858542 0.642506
2840 -0.215542 0.625486
33 0.0425631 0.584998
34 0.0851664 0.595605
2151 -0.355697 0.56448
2152 -0.122928 0.622554
1154 -0.306345 0.560799
1153 -0.0993371 0.582878
3146 -0.167043 0.630416
3145 -0.101333 0.535251
1882 0.12355 0.612623
1881 -0.253689 0.518038
93 0.170048 0.608447
94 -0.315888 0.592777
2886 0.0396386 0.6917
2885 0.0583241 0.594641
1492 -0.138439 0.569674
1491 -0.303656 0.565645
1612 -0.138352 0.615308
1611 -0.32552 0.488735
1209 -0.278334 0.630404
1210 0.131467 0.635878
106 -0.0534809 0.577652
105 0.0894497 0.647562
1428 -0.0217033 0.671221
1427 -0.0465934 0.571037
3550 -0.179102 0.619863
3549 -0.116293 0.561922
1129 -0.0652877 0.671339
1130 -0.357298 0.561985
1643 0.0854 0.610418
1644 -0.248211 0.511895
1401 -0.272907 0.52662
1402 0.086842 0.653636
1145 -0.0837688 0.616148
1146 -0.204015 0.53967
231 -0.0717916 0.605937
232 -0.114771 0.623126
2725 -0.26692 0.525496
2726 -0.214681 0.631397
905 -0.256255 0.526953
906 -0.150175 0.549962
2947 -0.283439 0.51933
2948 -0.0177255 0.563523
600 -0.0936134 0.655278
599 0.0674948 0.603762
1714 0.14662 0.626676
1713 -0.228352 0.609161
390 -0.13619 0.662097
389 -0.182692 0.643537
746 0.0252288 0.577792
745 -0.161978 0.527211
261 -0.0139463 0.669317
262 -0.0855121 0.567047
1312 -0.0426325 0.601209
1311 -0.210876 0.629557
1354 0.13468 0.613164
1353 -0.320793 0.504195
2393 -0.350951 0.517779
2394 0.0995205 0.595492
2512 0.0773753 0.601755
2511 -0.109392 0.632979
2702 -0.264068 0.505956
2701 0.0735218 0.611645
2378 -0.00724456 0.578448
2377 -0.171469 0.53265
2277 0.0875676 0.669242
2278 -0.211639 0.519784
2532 -0.301132 0.497791
2531 -0.106487 0.633296
1647 -0.168613 0.545447
1648 -0.370525 0.608885
2352 -0.377935 0.56447
2351 -0.358133 0.521192
730 -0.121199 0.603079
729 -0.250089 0.62798
388 0.110433 0.602112
387 -0.0996704 0.552496
552 -0.208441 0.553166
551 -0.0156673 0.620407
1361 0.0767932 0.703664
1362 0.119814 0.638109
2297 -0.145283 0.548411
2298 -0.10761 0.648612
2302 0.0721702 0.618141
2301 -0.307882 0.488119
3305 -0.192777 0.565631
3306 -0.296836 0.493442
1540 -0.259677 0.595995
1539 -0.0197791 0.689997
3570 -0.0466475 0.565041
3569 -0.270652 0.502885
1915 -0.0857512 0.590385
1916 -0.186219 0.616515
352 -0.347221 0.556269
351 -0.216136 0.530602
284 -0.0723445 0.570941
283 0.0597531 0.621322
2502 -0.326634 0.629397
2501 0.12074 0.608051
507 -0.315848 0.576111
508 -0.081909 0.607915
528 -0.316154 0.54568
527 0.0733297 0.702447
1871 0.00367487 0.630158
1872 0.112988 0.657057
1047 -0.172943 0.616368
1048 -0.252442 0.642831
1281 0.0243856 0.662681
1282 0.0404177 0.593435
1139 0.159333 0.605722
1140 -0.278581 0.611417
1867 0.082687 0.606341
1868 0.149276 0.615692
1042 -0.236666 0.525049
1041 -0.263778 0.573383
1411 -0.404923 0.607742
1412 0.00832882 0.643233
2829 -0.154171 0.534607
2830 -0.177569 0.528815
21 0.127946 0.60029
22 -0.0624039 0.557674
956 -0.077505 0.562997
955 -0.0471003 0.683476
2495 -0.0465215 0.570375
2496 -0.00423381 0.579952
993 -0.349983 0.586301
994 0.0696772 0.69704
3409 -0.275604 0.536408
3410 -0.0450448 0.663491
926 -0.184968 0.53675
925 -0.242842 0.517409
1017 0.0455449 0.68688
1018 -0.230029 0.513997
400 0.0778798 0.603058
399 0.0280659 0.610594
990 -0.178929 0.535231
989 -0.150757 0.645049
1382 -0.314622 0.504869
1381 -0.0879402 0.574917
407 -0.111595 0.549307
408 -0.344404 0.507428
3218 0.0831824 0.632868
3217 -0.335129 0.538103
909 0.105829 0.615085
910 -0.253697 0.516533
2411 -0.27126 0.510254
2412 -0.261581 0.623904
3268 -0.248226 0.58683
3267 -0.261075 0.50357
2995 0.126584 0.608046
2996 -0.0658766 0.665316
869 -0.211076 0.555626
870 0.045627 0.573201
2003 0.0070307 0.646558
2004 -0.134942 0.647415
696 -0.321589 0.636167
695 -0.000598355 0.564312
139 -0.22188 0.541157
140 -0.0734045 0.677216
3390 -0.183086 0.567258
3389 -0.0979305 0.646253
3018 -0.195819 0.657459
3017 -0.224596 0.520188
2406 -0.257708 0.519796
2405 -0.382419 0.605943
3220 -0.252567 0.590942
3219 -0.299747 0.515054
3547 0.00794735 0.687631
3548 -0.175512 0.528413
350 -0.231754 0.597639
349 -0.261072 0.5787
1825 -0.105 0.651959
1826 -0.201123 0.63684
424 -0.220022 0.581631
423 -0.10361 0.545287
2476 -0.0624487 0.677685
2475 -0.076052 0.557334
3435 -0.0579618 0.641246
3436 -0.260847 0.526499
2864 -0.32088 0.57266
2863 0.162764 0.612494
1095 0.0780536 0.685813
1096 -0.346455 0.562172
3212 -0.027242 0.668789
3211 -0.357125 0.607185
1672 -0.0808566 0.577326
1671 -0.106334 0.668189
2110 0.106755 0.605143
2109 -0.26638 0.50072
3283 -0.383668 0.54697
3284 -0.335481 0.545129
452 -0.261968 0.577881
451 -0.260716 0.628362
675 -0.184581 0.554671
676 0.0493081 0.707753
2289 -0.176291 0.608906
2290 0.12133 0.595623
2851 -0.403929 0.619864
2852 -0.165986 0.539439
321 -0.277334 0.511673
322 0.0791945 0.699872
3143 0.0792903 0.605348
3144 -0.211441 0.587711
1451 -0.228755 0.565478
1452 -0.316756 0.556494
3449 -0.000518375 0.566513
3450 0.0776937 0.595224
189 -0.291685 0.512943
190 -0.153691 0.532228
1414 -0.0429591 0.568455
1413 0.0308341 0.717227
1378 -0.147533 0.657391
1377 0.0347915 0.646125
3534 0.10025 0.626368
3533 -0.100108 0.615334
2014 -0.054835 0.569541
2013 -0.385663 0.610126
2139 -0.0321932 0.572855
2140 -0.0981825 0.608145
2946 -0.348983 0.518528
2945 -0.0204392 0.690308
3359 -0.319203 0.523778
3360 -0.031532 0.642099
2765 -0.0455726 0.627584
2766 -0.209539 0.575618
401 -0.250797 0.550991
402 0.114033 0.593742
837 -0.15996 0.544673
838 0.0846152 0.684907
1734 0.137246 0.614462
1733 0.0157423 0.567258
2291 -0.0478547 0.5973
2292 0.0714477 0.589852
144 0.0845218 0.706207
143 0.00711016 0.65243
2173 -0.0990063 0.6349
2174 -0.0885577 0.53891
3016 -0.307828 0.654593
3015 -0.375932 0.605781
3087 -0.0349477 0.588623
3088 0.00756848 0.584383
1984 0.0432942 0.58594
1983 -0.0189662 0.563995
3591 -0.266622 0.515594
3592 -0.199498 0.521102
2781 -0.268887 0.576418
2782 -0.0600226 0.704031
2521 -0.228433 0.593157
2522 -0.0585853 0.595887
592 -0.0677322 0.55199
591 0.0841447 0.593403
2433 0.0125896 0.665898
2434 -0.236468 0.570689
766 0.069321 0.604451
765 0.104471 0.594082
434 -0.243603 0.521771
433 0.122226 0.594974
2440 -0.297353 0.524462
2439 0.0073784 0.69307
3463 -0.0762083 0.681284
3464 0.0448326 0.635807
3575 -0.0689142 0.707751
3576 -0.205602 0.538452
418 0.0323842 0.728476
417 -0.223056 0.67084
18 -0.236271 0.613805
17 -0.232855 0.506641
2115 -0.100537 0.630351
2116 0.108652 0.599199
3169 -0.0440652 0.554662
3170 -0.0377273 0.571732
1749 -0.0211682 0.701765
1750 -0.297993 0.660411
1456 -0.215758 0.514967
1455 0.061207 0.583152
1619 -0.249587 0.641649
1620 -0.106594 0.650752
1937 0.0515632 0.599427
1938 -0.0926469 0.634246
2529 -0.122846 0.635231
2530 0.0146258 0.649115
120 0.098258 0.615341
119 0.023504 0.648518
655 -0.278 0.518268
656 -0.386522 0.607825
1831 0.0803102 0.59904
1832 0.0184576 0.562316
2458 -0.104327 0.544974
2457 -0.0476594 0.567672
2386 0.0537063 0.638836
2385 -0.244763 0.652025
1418 -0.264355 0.623164
1417 -0.169206 0.580661
1597 -0.231932 0.560895
1598 -0.145558 0.678198
3185 0.093253 0.605266
3186 -0.317416 0.50541
127 -0.322149 0.497541
128 -0.176486 0.676473
897 -0.1132 0.555829
898 -0.242057 0.572921
1133 0.0369792 0.592502
1134 -0.119419 0.680055
2991 -0.00206595 0.588521
2992 -0.0792619 0.679308
1747 -0.0435013 0.574951
1748 -0.15438 0.662629
319 -0.0617552 0.677439
320 0.122274 0.631081
1782 0.00668843 0.596292
1781 -0.0818822 0.574221
3494 0.0121408 0.709536
3493 -0.0172628 0.593162
620 -0.142357 0.631994
619 -0.31181 0.576107
2017 -0.306624 0.511045
2018 -0.337886 0.592948
203 -0.0755269 0.673022
204 -0.312892 0.51144
1721 -0.220635 0.547015
1722 0.0687509 0.701116
2348 0.0949444 0.631527
2347 -0.0218865 0.695012
317 0.0946879 0.58688
318 -0.349809 0.513003
1633 -0.323135 0.652035
1634 -0.298923 0.624867
1318 0.0173455 0.590889
1317 -0.360148 0.640639
3008 -0.317156 0.515163
3007 -0.226332 0.544408
1229 0.0640877 0.709708
1230 -0.107159 0.678601
661 0.0725285 0.603456
662 -0.0873283 0.554862
206 -0.34867 0.585828
205 -0.293417 0.641736
1035 -0.0399099 0.589729
1036 -0.0491569 0.552154
2449 -0.341738 0.603653
2450 -0.182004 0.539318
2573 -0.104382 0.536442
2574 -0.203645 0.616362
800 -0.209893 0.526377
799 -0.206572 0.518022
2211 0.0866022 0.71782
2212 -0.142848 0.54285
1704 0.12331 0.678038
1703 -0.15332 0.536951
1694 -0.273698 0.600911
1693 -0.195462 0.561281
1806 -0.227614 0.518978
1805 0.0233854 0.5793
3545 -0.31504 0.507596
3546 0.0713444 0.723507
933 -0.292199 0.496537
934 -0.283029 0.575089
1886 0.154405 0.615317
1885 -0.245159 0.520085
115 -0.193015 0.545381
116 -0.310772 0.507185
3457 0.0363036 0.588906
3458 -0.0288185 0.676179
1420 -0.424548 0.63988
1419 -0.340453 0.592865
809 -0.193791 0.660169
810 -0.0974535 0.562809
3585 -0.0312197 0.603667
3586 0.0562618 0.738539
1517 -0.202693 0.53056
1518 -0.0881559 0.703656
3137 0.106165 0.58577
3138 0.0264916 0.563398
2994 -0.25646 0.663754
2993 -0.00782925 0.569175
1482 -0.112515 0.543256
1481 0.121281 0.590266
3013 -0.293409 0.623243
3014 -0.15816 0.525951
1572 -0.323414 0.552925
1571 -0.136309 0.594242
1349 0.010082 0.737625
1350 0.0518625 0.645124
101 -0.223064 0.534862
102 -0.118179 0.66726
1997 -0.248026 0.571755
1998 -0.157713 0.581149
2467 -0.0463981 0.585915
2468 -0.200025 0.69516
2281 0.0275021 0.589024
2282 -0.303848 0.539287
2870 -0.400492 0.651471
2869 0.0361292 0.624267
999 -0.259232 0.601006
1000 -0.165908 0.665819
2731 -0.416586 0.623839
2732 0.0507854 0.57916
899 0.143244 0.618185
900 -0.218136 0.607287
1263 0.0467599 0.725104
1264 0.0746002 0.57942
2916 -0.0823254 0.552568
2915 -0.0291676 0.621229
586 0.0332199 0.576877
585 -0.116835 0.629663
2925 -0.216942 0.514394
2926 0.0813376 0.588167
2575 -0.195332 0.593992
2576 -0.142342 0.564747
2636 0.132804 0.616162
2635 -0.326792 0.653355
645 -0.0061485 0.572711
646 -0.324918 0.622824
1959 -0.0191584 0.571511
1960 -0.0921006 0.551373
985 -0.142394 0.567468
986 0.00495142 0.589404
896 0.0456494 0.75141
895 0.0338701 0.671642
1192 0.0324415 0.74041
1191 0.133976 0.666713
873 0.0456806 0.608241
874 -0.111297 0.565414
374 -0.394122 0.649523
373 -0.0480601 0.622079
822 -0.108205 0.555646
821 -0.193011 0.53169
535 -0.143323 0.541622
536 -0.0914492 0.644776
711 -0.0908671 0.716782
712 0.13399 0.607081
63 -0.226689 0.617163
64 0.000781923 0.623349
854 -0.0200049 0.722435
853 0.0296797 0.72877
3134 -0.140366 0.562602
3133 0.0229493 0.633676
3247 -0.0786312 0.562468
3248 -0.17229 0.58492
3262 -0.350219 0.59377
3261 -0.355113 0.653942
475 -0.0558226 0.668969
476 -0.242666 0.525583
2002 0.0567735 0.612172
2001 0.0882283 0.623178
1409 0.113277 0.650942
1410 -0.216313 0.609282
3564 -0.166138 0.553656
3563 -0.133896 0.575264
1287 -0.330282 0.645243
1288 -0.320492 0.501867
718 0.0284046 0.576378
717 -0.211061 0.517201
790 0.101142 0.628721
789 -0.295738 0.520113
2812 0.0117449 0.583328
2811 -0.00492885 0.608257
2944 -0.0975618 0.700918
2943 -0.0863086 0.545958
1472 -0.127123 0.70003
1471 -0.040623 0.562541
2739 -0.219318 0.516745
2740 -0.359496 0.60845
2881 -0.103317 0.699634
2882 -0.28756 0.619682
247 -0.340158 0.648446
248 -0.0804963 0.729397
2536 0.076629 0.592618
2535 -0.105725 0.583505
2114 0.0541394 0.583113
2113 0.0602625 0.751885
3317 -0.217263 0.512623
3318 -0.0205362 0.553561
1078 -0.0169228 0.59242
1077 0.0705982 0.657758
1031 -0.298909 0.529481
1032 -0.318588 0.487755
2990 -0.110827 0.70818
2989 0.047709 0.731049
1980 -0.299305 0.680135
1979 0.0400881 0.749999
1364 0.0239523 0.733458
1363 -0.25067 0.506413
112 -0.334423 0.535954
111 -0.397185 0.586991
2432 -0.13794 0.555792
2431 -0.187418 0.525711
1501 -0.268584 0.556251
1502 -0.163383 0.562185
1785 -0.0859109 0.64014
1786 -0.00970669 0.736787
981 -0.372796 0.592491
982 -0.338591 0.501255
3462 -0.0920361 0.670929
3461 -0.374171 0.659012
395 0.0758076 0.752738
396 -0.114129 0.557583
2809 0.134268 0.662057
2810 -0.199869 0.669851
1277 -0.0375287 0.614672
1278 0.128489 0.625872
3239 -0.179214 0.68387
3240 -0.0349582 0.619655
348 -0.114658 0.704944
347 -0.323107 0.495113
3162 0.0322807 0.684802
3161 -0.368005 0.602428
1568 -0.00688265 0.579713
1567 -0.371207 0.619525
1898 -0.106035 0.612494
1897 -0.205086 0.516604
2011 -0.241246 0.575021
2012 -0.323792 0.530353
1828 -0.136844 0.58161
1827 0.0529522 0.639765
363 -0.322664 0.502536
364 0.0601916 0.604037
1163 0.028521 0.700587
1164 -0.337472 0.524067
468 -0.104557 0.691909
467 -0.0544093 0.596153
1691 -0.119332 0.554491
1692 -0.192096 0.627089
681 -0.105308 0.663903
682 -0.163456 0.592984
671 0.0213172 0.6581
672 -0.411379 0.617904
2609 -0.11301 0.67019
2610 -0.181366 0.642228
3107 -0.416007 0.647806
3108 -0.16518 0.556915
3230 -0.157469 0.552028
3229 -0.00363554 0.720252
2592 -0.0972499 0.619862
2591 -0.174611 0.540712
1457 -0.0406364 0.68313
1458 -0.267852 0.508888
3030 0.0468457 0.727447
3029 -0.101369 0.614901
1159 -0.112936 0.543803
1160 0.00231818 0.665091
581 -0.212304 0.519533
582 -0.145564 0.524141
2331 -0.208434 0.600876
2332 0.0624547 0.624787
3427 0.0717146 0.675478
3428 -0.246402 0.688378
1367 -0.272174 0.671323
1368 -0.0893164 0.687702
1474 0.0196393 0.685423
1473 0.0545848 0.601617
289 -0.22755 0.522634
290 -0.346096 0.574922
1774 0.0909997 0.613599
1773 -0.168888 0.67888
1005 -0.224899 0.672399
1006 -0.081331 0.674625
3388 -0.243074 0.526305
3387 0.0337045 0.583422
901 -0.106606 0.566551
902 -0.127473 0.68714
1766 0.00181376 0.572901
1765 -0.333844 0.490991
2760 -0.243973 0.587957
2759 -0.342822 0.588007
3557 -0.00984433 0.696256
3558 0.106521 0.611788
3034 -0.311346 0.644535
3033 -0.144619 0.535166
73 -0.0843549 0.698551
74 -0.3045 0.652292
3521 -0.260832 0.684107
3522 -0.15417 0.705501
1415 -0.00685074 0.619019
1416 -0.3152 0.567668
2675 0.158795 0.600936
2676 -0.27478 0.511262
3160 -0.111171 0.549572
3159 0.0358868 0.574934
3233 -0.0194744 0.659763
3234 -0.299899 0.51522
1358 -0.329368 0.498119
1357 -0.358279 0.585972
353 -0.0209234 0.587677
354 -0.355483 0.653906
569 -0.161499 0.589051
570 -0.0103905 0.705481
2120 -0.0203612 0.578486
2119 -0.274041 0.506452
657 0.00739773 0.634506
658 -0.106901 0.533615
752 0.130023 0.625186
751 -0.0016293 0.734083
246 -0.0117242 0.650514
245 0.0701958 0.595542
3003 -0.262203 0.648763
3004 -0.0831395 0.563298
2387 -0.340029 0.585353
2388 0.0976279 0.641468
2595 -0.153005 0.709878
2596 -0.130955 0.687527
2185 -0.311315 0.501403
2186 0.12088 0.623439
1776 -0.171563 0.530284
1775 -0.201794 0.68981
1084 -0.253354 0.512819
1083 0.108418 0.621936
2473 -0.174774 0.652222
2474 -0.174546 0.68744
3065 0.0478786 0.670969
3066 -0.272727 0.672475
3025 -0.162725 0.612514
3026 0.00504344 0.568097
2460 -0.120685 0.704801
2459 -0.298087 0.516975
47 0.0210603 0.641332
48 -0.351926 0.561913
136 -0.225484 0.60287
135 -0.338234 0.563574
1935 -0.210814 0.675275
1936 0.122775 0.603775
1025 -0.193606 0.587462
1026 -0.31672 0.609956
865 0.123329 0.61063
866 -0.226651 0.668746
2159 0.00064024 0.608991
2160 -0.0335294 0.592923
2242 -0.0527823 0.707842
2241 -0.0960435 0.543337
845 0.0652218 0.734823
846 0.0311345 0.732676
410 -0.0113341 0.600911
409 -0.312429 0.617755
2651 -0.365522 0.520262
2652 -0.141422 0.658253
2322 -0.346313 0.505899
2321 -0.312477 0.642316
2404 0.00334181 0.691482
2403 -0.11007 0.566593
60 -0.342718 0.53511
59 -0.168012 0.575494
2708 -0.360593 0.621768
2707 -0.163163 0.598904
1167 -0.166581 0.572759
1168 -0.0698317 0.597838
880 -0.303317 0.505362
879 -0.182799 0.516252
2562 -0.406725 0.644277
2561 0.0743923 0.629803
1905 0.00403634 0.568058
1906 -0.315545 0.48343
2202 -0.236448 0.53996
2201 -0.133717 0.546811
979 0.106943 0.597888
980 -0.274912 0.506568
3432 -0.227501 0.678272
3431 -0.147509 0.562655
1438 -0.244474 0.624832
1437 -0.106645 0.62961
2850 -0.0825773 0.640601
2849 -0.350061 0.497274
2671 0.0218011 0.586838
2672 0.122741 0.602932
1792 -0.106667 0.582649
1791 0.103323 0.607048
1051 -0.134547 0.542681
1052 -0.109795 0.599549
122 -0.134794 0.577964
121 0.122385 0.63253
698 -0.0279917 0.563593
697 -0.19415 0.651223
1176 -0.263884 0.653996
1175 -0.0462083 0.725024
588 -0.0686803 0.566619
587 -0.319814 0.577269
1741 -0.28702 0.512573
1742 -0.143382 0.707217
437 -0.0379707 0.70662
438 -0.0264108 0.624456
80 -0.201439 0.66871
79 -0.345181 0.644011
1564 -0.036673 0.698169
1563 -0.172093 0.595353
2888 -0.271594 0.633965
2887 0.0827018 0.647516
3486 -0.395696 0.646917
3485 -0.267695 0.673923
3310 0.00594302 0.720631
3309 0.00485505 0.578843
2029 -0.347456 0.585972
2030 -0.340358 0.497023
1408 -0.372483 0.6175
1407 0.10698 0.603205
1366 -0.335621 0.66082
1365 0.0329065 0.737927
2376 0.0414014 0.719946
2375 -0.19064 0.684233
3263 -0.290342 0.636453
3264 -0.193201 0.598184
945 -0.283555 0.514223
946 -0.247515 0.653762
3198 -0.254847 0.547296
3197 0.0250264 0.725897
416 0.0213854 0.620369
415 -0.31261 0.549989
589 0.10637 0.602225
590 -0.221355 0.529756
2276 0.146505 0.611696
2275 -0.113397 0.658845
1515 -0.187631 0.545129
1516 0.149947 0.608791
268 -0.165418 0.547158
267 -0.381245 0.607806
1493 -0.198488 0.673954
1494 -0.0933444 0.621911
3423 -0.3442 0.501758
3424 -0.254081 0.511795
1561 -0.364118 0.649156
1562 -0.044118 0.715703
2951 -0.195461 0.664817
2952 0.121973 0.601609
1143 -0.056622 0.56584
1144 -0.123728 0.583506
109 -0.356411 0.584581
110 0.0371988 0.672242
1849 0.0477658 0.568984
1850 -0.277367 0.533106
1226 -0.198067 0.568694
1225 -0.26996 0.524844
1940 -0.18191 0.528326
1939 -0.304283 0.490362
3362 -0.204252 0.682019
3361 -0.20964 0.657473
641 -0.232595 0.506466
642 -0.202904 0.661336
820 -0.0508196 0.549303
819 -0.116023 0.55136
2824 -0.365771 0.644646
2823 -0.353478 0.619675
495 -0.37368 0.559163
496 -0.417606 0.608687
885 -0.244128 0.657477
886 0.0433455 0.734369
2100 -0.269053 0.522013
2099 0.0632348 0.575935
316 0.106204 0.622864
315 -0.204065 0.564755
1234 -0.0749901 0.564141
1233 -0.427855 0.605152
172 0.0388691 0.5907
171 0.00416831 0.579989
202 -0.345235 0.630416
201 -0.158025 0.664196
1393 -0.241581 0.570799
1394 -0.390522 0.557852
460 -0.360221 0.5241
459 -0.0156095 0.714797
229 -0.144779 0.698637
230 -0.251991 0.627765
798 0.00378126 0.722443
797 -0.301819 0.535686
1114 -0.0852982 0.643855
1113 -0.0332614 0.555572
2133 0.151571 0.634268
2134 -0.0988473 0.70099
2325 -0.0684656 0.653331
2326 0.0604237 0.606418
629 -0.0405552 0.606774
630 -0.42583 0.602245
1949 -0.300477 0.641827
1950 -0.25109 0.528668
1972 -0.0797741 0.652928
1971 -0.170458 0.541571
235 -0.262336 0.600795
236 -0.33999 0.483911
3295 0.0114246 0.662921
3296 -0.323033 0.626792
1924 0.0294847 0.707066
1923 -0.00577593 0.703482
513 -0.063796 0.584756
514 0.0911475 0.58571
1165 -0.112828 0.595882
1166 0.0390068 0.718571
520 -0.327478 0.511389
519 0.0621441 0.604588
598 -0.190655 0.68061
597 0.02148 0.6589
325 -0.269626 0.519382
326 -0.199282 0.557194
234 -0.0421934 0.574941
233 -0.0567868 0.577134
3019 -0.187637 0.53205
3020 -0.399397 0.628908
2560 -0.221424 0.682037
2559 0.00845311 0.730878
2558 -0.137876 0.654858
2557 -0.154615 0.563053
1320 -0.100768 0.579232
1319 -0.176405 0.566209
457 -0.0276314 0.71925
458 -0.0999921 0.685758
839 -0.116411 0.608208
840 -0.222326 0.580283
1132 -0.259758 0.526145
1131 -0.288299 0.526793
2314 -0.0431826 0.713001
2313 -0.00370585 0.590262
2077 -0.240464 0.505724
2078 -0.0154985 0.555254
834 -0.0104038 0.626453
833 -0.33974 0.505927
2 -0.225934 0.665894
1 -0.398705 0.541379
743 -0.133809 0.540572
744 0.0118285 0.591318
2330 -0.16255 0.570168
2329 -0.161644 0.549458
2488 -0.269497 0.512169
2487 -0.126903 0.700093
939 -0.380589 0.618781
940 -0.0604183 0.583869
1697 -0.415826 0.578103
1698 -0.171095 0.634264
2491 -0.0892147 0.556577
2492 -0.0854587 0.65406
1666 -0.233954 0.643664
1665 -0.138736 0.637493
2682 -0.218839 0.544977
2681 -0.134045 0.666569
2486 0.0219035 0.58491
2485 -0.0633397 0.547561
1737 -0.0514226 0.621728
1738 -0.126609 0.531611
2448 -0.248124 0.664497
2447 -0.379509 0.505863
2763 -0.0319538 0.722312
2764 -0.136169 0.54657
715 -0.342213 0.64222
716 -0.0463443 0.591909
288 -0.386187 0.626142
287 -0.277514 0.512205
2267 0.00637739 0.620548
2268 -0.0240635 0.586508
3228 0.110031 0.61104
3227 -0.180827 0.529046
323 -0.201624 0.654537
324 -0.0462906 0.707615
1356 -0.117839 0.571615
1355 -0.236108 0.537683
861 -0.198498 0.550114
862 -0.39891 0.608429
1064 -0.0240529 0.716582
1063 0.0966643 0.60428
3174 -0.220272 0.665924
3173 0.012654 0.568305
3009 -0.23067 0.52508
3010 -0.39711 0.618696
1195 -0.164606 0.566712
1196 -0.186297 0.677937
1038 -0.326899 0.539885
1037 -0.321291 0.484294
286 -0.121656 0.572676
285 -0.32199 0.525401
3311 -0.242718 0.524316
3312 0.0596332 0.669825
2629 -0.301494 0.570411
2630 0.0176425 0.584869
1999 -0.160314 0.65457
2000 -0.303406 0.527589
816 -0.305444 0.500434
815 -0.402524 0.573667
2905 0.00886684 0.731228
2906 0.0684876 0.584591
1212 -0.0586037 0.719083
1211 0.0365079 0.602052
3519 -0.192632 0.587461
3520 -0.1838 0.616677
2048 0.045095 0.590251
2047 -0.281858 0.537843
2038 -0.26576 0.52637
2037 0.0128045 0.569031
1384 0.155663 0.600147
1383 -0.0323534 0.703665
2577 -0.377199 0.498558
2578 -0.384829 0.501848
757 -0.351199 0.603365
758 -0.334637 0.534424
580 -0.39401 0.595527
579 0.0348503 0.709297
506 0.140965 0.609133
505 0.0370898 0.584369
2146 0.0948293 0.60923
2145 -0.207083 0.568683
3504 -0.0786196 0.710894
3503 -0.039668 0.710162
2397 -0.340582 0.519304
2398 -0.266476 0.534723
426 -0.232579 0.643323
425 -0.401382 0.519857
3334 -0.096761 0.596718
3333 -0.00989771 0.654163
1082 -0.0981147 0.549258
1081 -0.332858 0.48198
3045 -0.130173 0.676257
3046 0.114394 0.598151
264 0.0638952 0.602467
263 -0.0326335 0.567178
1024 0.107676 0.613253
1023 -0.0804396 0.562401
521 0.084363 0.64463
522 0.0478153 0.581277
1483 -0.111512 0.686862
1484 -0.166632 0.694609
3372 -0.256928 0.59116
3371 -0.247016 0.624705
859 0.0577635 0.724359
860 -0.38425 0.533035
1835 -0.176642 0.699089
1836 -0.447343 0.6152
3554 -0.223085 0.572323
3553 -0.121807 0.54637
2230 -0.185646 0.639033
2229 -0.134511 0.708627
2067 -0.299824 0.663476
2068 -0.391775 0.611255
2365 -0.152963 0.544321
2366 -0.314748 0.633725
2154 -0.152589 0.541687
2153 -0.117061 0.670457
1208 -0.191488 0.530417
1207 0.0652123 0.619143
1253 -0.171656 0.56015
1254 -0.15832 0.663818
2880 -0.159273 0.602765
2879 -0.169885 0.687664
928 0.0377626 0.615056
927 0.0361559 0.645472
2489 0.0241807 0.638747
2490 -0.0685888 0.715941
1524 -0.187707 0.605928
1523 0.00410094 0.730466
2868 0.116954 0.634219
2867 -0.147697 0.624709
3376 -0.22359 0.529988
3375 0.00406818 0.585119
91 0.0939871 0.597173
92 -0.0533529 0.706373
1550 -0.19379 0.52828
1549 -0.249683 0.642966
1150 -0.306484 0.624079
1149 -0.181644 0.533446
654 -0.0436925 0.689949
653 0.143368 0.620152
3517 -0.274217 0.657221
3518 -0.197416 0.526844
271 -0.168893 0.5268
272 -0.258989 0.596215
991 -0.312687 0.497996
992 -0.234483 0.575354
2252 -0.0572899 0.719965
2251 -0.0288624 0.593704
1425 -0.319807 0.517648
1426 -0.207022 0.55697
1848 -0.297969 0.639123
1847 -0.0304207 0.720707
3050 -0.213683 0.525382
3049 0.016161 0.704318
625 -0.35867 0.497905
626 -0.25725 0.662357
2419 0.0613125 0.583411
2420 0.145492 0.60085
577 -0.354821 0.525851
578 -0.075351 0.554776
3438 -0.147686 0.560667
3437 -0.209868 0.613488
27 -0.404215 0.627494
28 -0.404959 0.604579
1289 -0.290685 0.635245
1290 0.0396914 0.737524
1981 -0.0795647 0.548302
1982 -0.340546 0.594402
3027 -0.0306954 0.728947
3028 -0.0782269 0.716645
1635 -0.074217 0.543851
1636 -0.0499253 0.596019
627 -0.136957 0.544954
628 -0.159735 0.678647
3242 -0.289447 0.658084
3241 -0.0144301 0.733528
1127 -0.245125 0.515365
1128 -0.0073216 0.703836
1308 -0.00774314 0.57792
1307 0.0714673 0.649296
864 -0.0584461 0.702975
863 0.0383982 0.72201
2939 -0.122992 0.567956
2940 -0.190815 0.583469
1423 -0.223496 0.530848
1424 -0.141285 0.618774
2283 -0.273647 0.532901
2284 0.0715337 0.715327
723 -0.1063 0.647862
724 -0.0188702 0.723623
3502 -0.319347 0.490108
3501 -0.00520397 0.564527
2024 -0.292804 0.524017
2023 -0.32666 0.576312
1119 -0.131001 0.703175
1120 0.0573523 0.599306
255 -0.0461305 0.71589
256 0.0304697 0.57507
2972 -0.352082 0.495987
2971 -0.345788 0.612458
2259 -0.302953 0.515567
2260 -0.0539356 0.721121
2533 0.00314048 0.588251
2534 -0.0953925 0.603526
1681 -0.0882459 0.556962
1682 -0.315394 0.509448
828 -0.0905802 0.604658
827 -0.219012 0.532866
1534 -0.157189 0.633841
1533 -0.0456689 0.675326
794 -0.319341 0.635779
793 -0.0943978 0.657997
1931 0.123653 0.614819
1932 -0.110686 0.557919
198 -0.0988248 0.652005
197 0.123602 0.603336
3447 -0.405983 0.624102
3448 -0.0507234 0.721957
3572 -0.140779 0.534875
3571 -0.049446 0.560324
124 -0.118196 0.710412
123 -0.159535 0.705145
30 -0.152559 0.546234
29 -0.0533063 0.578025
3475 0.0491463 0.606127
3476 -0.0236729 0.680144
2233 -0.257899 0.535049
2234 -0.212786 0.522735
3373 -0.301065 0.657887
3374 -0.159379 0.530925
3193 -0.358057 0.593273
3194 -0.149901 0.521138
3086 -0.0472989 0.648567
3085 -0.379213 0.545207
296 -0.123743 0.543448
295 -0.238507 0.514815
2878 -0.234517 0.513581
2877 -0.290198 0.541349
2356 -0.418272 0.611913
2355 -0.328617 0.669764
335 -0.0267797 0.720246
336 -0.212436 0.579955
2643 0.0120075 0.568797
2644 0.0493249 0.693631
1715 0.0664051 0.647672
1716 -0.225002 0.528833
2066 -0.273697 0.607966
2065 -0.424707 0.592691
155 0.0890356 0.676262
156 -0.0452526 0.745919
881 -0.208663 0.706316
882 -0.117949 0.61344
1816 -0.124069 0.707156
1815 -0.11696 0.711102
380 0.00348144 0.603081
379 -0.176765 0.625445
1925 -0.348962 0.485889
1926 -0.0168912 0.611295
118 -0.350029 0.499442
117 -0.453883 0.635965
3415 -0.207625 0.53537
3416 0.0419469 0.602908
3286 -0.116163 0.728866
3285 -0.292526 0.497134
3116 -0.125426 0.590464
3115 -0.255347 0.511883
3578 -0.231491 0.68892
3577 -0.179649 0.665782
2055 -0.0478589 0.560228
2056 -0.0713531 0.545928
1673 -0.301445 0.667937
1674 -0.35169 0.484935
533 -0.390337 0.634627
534 -0.343862 0.566148
3246 -0.00506658 0.699411
3245 -0.160609 0.70655
41 -0.308174 0.667092
42 -0.0934773 0.550863
1332 -0.277158 0.505603
1331 -0.021738 0.56416
1973 -0.154539 0.522414
1974 -0.104749 0.575703
2743 -0.211203 0.539293
2744 -0.228971 0.655947
1855 -0.0442138 0.625965
1856 -0.0429219 0.580438
929 -0.0614704 0.548637
930 -0.271924 0.511585
3353 -0.133852 0.604827
3354 -0.130621 0.547579
2062 -0.26118 0.505856
2061 -0.181095 0.525529
3021 -0.0107317 0.570871
3022 -0.302565 0.666968
3573 -0.308104 0.649922
3574 -0.220642 0.509041
1199 -0.150781 0.72889
1200 -0.206943 0.717865
2648 -0.30473 0.559699
2647 -0.178988 0.628238
647 -0.0783341 0.742499
648 -0.0720504 0.622321
371 -0.13442 0.527383
372 -0.175882 0.539531
3304 -0.481371 0.620654
3303 -0.302808 0.484246
1373 0.0469772 0.718895
1374 -0.125937 0.623601
3140 0.00339446 0.764411
3139 0.0966719 0.629258
924 -0.0977285 0.543916
923 0.0292033 0.748426
1880 -0.248075 0.692145
1879 0.0458253 0.724508
2085 0.100636 0.597289
2086 -0.228873 0.520654
3277 -0.24502 0.519457
3278 0.0694491 0.666083
3256 -0.0134237 0.608045
3255 -0.0117995 0.755094
2884 0.00351827 0.594634
2883 -0.199005 0.688382
3441 -0.0562415 0.546258
3442 -0.283294 0.620931
360 0.113577 0.604972
359 -0.4189 0.58071
678 -0.130566 0.547636
677 0.00206627 0.676044
1688 0.107805 0.621365
1687 -0.00852683 0.564091
950 0.023236 0.691777
949 -0.235211 0.658865
2020 -0.12064 0.65775
2019 -0.00699731 0.568024
2456 -0.0481754 0.754393
2455 -0.153042 0.733097
1696 -0.229963 0.520889
1695 0.0273605 0.729262
1543 -0.103008 0.649909
1544 -0.0575231 0.694572
331 0.0542141 0.749546
332 -0.278582 0.511609
96 -0.365176 0.571733
95 -0.290321 0.677062
541 0.133843 0.599289
542 0.0118506 0.61105
3525 -0.273711 0.577806
3526 -0.371864 0.658505
1883 0.142345 0.599219
1884 -0.185601 0.58746
1185 -0.0233141 0.643931
1186 0.124119 0.61002
3561 -0.284809 0.50403
3562 -0.123614 0.716206
465 -0.322427 0.488711
466 -0.256925 0.544908
2148 -0.165482 0.71922
2147 -0.391111 0.606714
381 0.0701805 0.645012
382 0.00568075 0.699059
2199 -0.159057 0.537151
2200 -0.205389 0.516896
3474 -0.264799 0.518141
3473 -0.31028 0.563357
1745 0.0235506 0.589185
1746 -0.283789 0.642397
2646 -0.283616 0.604843
2645 -0.0194786 0.587985
3157 -0.0217185 0.727582
3158 0.106516 0.585497
2616 -0.19517 0.714613
2615 -0.0465225 0.748389
2179 -0.101818 0.608813
2180 -0.409014 0.5813
2754 0.0807518 0.643021
2753 -0.379344 0.632755
3250 0.0120322 0.763036
3249 -0.132054 0.67769
1659 -0.236335 0.561475
1660 -0.286813 0.554133
2655 -0.305475 0.646474
2656 -0.0252848 0.558606
1490 -0.100588 0.73368
1489 0.14486 0.608938
3175 -0.141436 0.538831
3176 -0.0729105 0.65153
1462 0.0194459 0.607301
1461 -0.170176 0.5262
497 -0.194826 0.596863
498 -0.243552 0.68163
228 -0.282599 0.507059
227 -0.305493 0.663314
530 0.0936264 0.675914
529 -0.344653 0.684407
1304 -0.202203 0.519423
1303 -0.038766 0.562371
2426 0.0406413 0.598573
2425 -0.0200284 0.666178
3471 -0.369396 0.533517
3472 -0.11832 0.728498
51 -0.164218 0.536301
52 0.0206269 0.688076
2833 -0.181309 0.604419
2834 0.0160256 0.616837
2750 0.175336 0.624808
2749 0.0460299 0.769153
2026 -0.016417 0.566366
2025 -0.317695 0.483886
184 -0.150618 0.530604
183 -0.361314 0.493022
2572 -0.307601 0.491454
2571 -0.0359765 0.741158
2072 -0.183333 0.725118
2071 -0.366183 0.607568
2437 -0.238165 0.516536
2438 -0.433403 0.642977
2748 -0.298324 0.49662
2747 0.0485337 0.700964
3555 -0.256794 0.640879
3556 -0.252786 0.710383
1834 -0.0394711 0.5584
1833 -0.3694 0.511378
1030 -0.324116 0.641474
1029 -0.204803 0.714872
1823 -0.407441 0.639004
1824 -0.207976 0.72052
963 -0.205124 0.522947
964 -0.144807 0.544443
312 -0.0993721 0.693235
311 -0.308839 0.525453
3163 -0.330145 0.49206
3164 -0.247597 0.63663
2673 -0.1842 0.607882
2674 0.00521318 0.569351
918 -0.175684 0.571516
917 0.0191764 0.577064
3 0.148951 0.607253
4 -0.14181 0.727835
1901 -0.453804 0.66481
1902 -0.0827751 0.752153
2370 -0.0637089 0.697425
2369 -0.00631394 0.579632
1392 -0.158776 0.735153
1391 -0.0344598 0.641751
1892 -0.00972887 0.615645
1891 -0.413554 0.653124
3406 -0.103847 0.5586
3405 -0.396146 0.642538
474 -0.306932 0.489755
473 0.103627 0.5959
3281 -0.226948 0.529735
3282 -0.376738 0.661492
2494 -0.233168 0.70462
2493 0.0452541 0.585351
3225 -0.0674982 0.669086
3226 -0.06234 0.679209
2443 -0.424187 0.595894
2444 -0.0961176 0.546202
358 -0.330622 0.5937
357 -0.277603 0.62029
2094 -0.0922435 0.563808
2093 -0.378701 0.611816
618 -0.115295 0.58531
617 -0.36401 0.578822
1136 -0.184951 0.522909
1135 -0.408933 0.539935
2203 -0.346496 0.596922
2204 -0.201449 0.556916
1532 -0.200114 0.713313
1531 -0.104614 0.605081
572 -0.0657942 0.750827
571 -0.362779 0.498205
1717 -0.17532 0.720098
1718 -0.270863 0.60094
3452 0.139957 0.604502
3451 0.0528834 0.58323
3528 -0.0400421 0.724145
3527 0.00895742 0.689729
196 -0.0355598 0.75468
195 -0.386658 0.546304
1869 -0.223247 0.520973
1870 -0.115637 0.681276
1183 0.130447 0.604591
1184 -0.331701 0.484631
1642 -0.100628 0.628638
1641 0.062445 0.658789
393 0.118897 0.60934
394 -0.0413312 0.653669
704 0.0401103 0.580233
703 0.152795 0.601766
3258 -0.079201 0.540033
3257 -0.182418 0.518046
1876 -0.103867 0.750207
1875 -0.142377 0.694647
922 -0.381067 0.617199
921 0.00438945 0.637768
446 0.00624687 0.769138
445 -0.179952 0.648282
3077 -0.114589 0.693639
3078 0.0715534 0.717219
1622 -0.223034 0.511707
1621 -0.171048 0.590304
76 -0.178673 0.626625
75 -0.286866 0.491434
2720 -0.428135 0.590358
2719 -0.234879 0.519408
2567 -0.168228 0.72593
2568 -0.293186 0.666402
3055 0.019044 0.711975
3056 -0.36574 0.663934
1049 -0.139122 0.569923
1050 -0.0568488 0.747417
2169 0.12621 0.618978
2170 0.0957735 0.585291
1468 -0.405683 0.656945
1467 -0.140495 0.536795
182 -0.0807287 0.560022
181 -0.245633 0.702099
1298 -0.283088 0.677258
1297 -0.0464015 0.553891
3383 -0.222277 0.677971
3384 -0.239117 0.606646
1348 -0.179703 0.528816
1347 -0.198156 0.596915
1335 -0.11855 0.737396
1336 0.0283029 0.613929
2751 -0.282444 0.686173
2752 -0.178713 0.546173
2430 -0.146721 0.640498
2429 0.102696 0.589224
2721 0.00704993 0.624007
2722 -0.164051 0.573309
1793 -0.31951 0.676328
1794 -0.301488 0.498244
1723 0.106058 0.591098
1724 -0.277183 0.687347
3396 -0.25759 0.510454
3395 -0.0930823 0.734287
346 0.0884416 0.654461
345 -0.128572 0.713544
66 -0.114571 0.704456
65 -0.0990857 0.700296
1910 -0.308156 0.684257
1909 -0.360256 0.528791
1043 0.134393 0.617352
1044 -0.0512709 0.639273
2808 -0.267693 0.64445
2807 0.00355244 0.751512
2255 -0.057208 0.596338
2256 -0.3289 0.587
1577 -0.265054 0.687791
1578 -0.150522 0.541531
492 -0.243658 0.586645
491 -0.0172785 0.745323
1125 -0.0532207 0.561872
1126 0.025201 0.664003
2132 0.0319574 0.590746
2131 -0.0424299 0.728179
2715 -0.0374781 0.560189
2716 0.0663337 0.586873
1313 -0.1034 0.732531
1314 -0.234444 0.700356
903 -0.0580839 0.713475
904 -0.258732 0.52941
1074 -0.359989 0.580272
1073 -0.135311 0.650553
2779 -0.328003 0.664913
2780 0.0512042 0.681751
1613 -0.375031 0.66159
1614 -0.232476 0.660169
1283 -0.436801 0.596965
1284 -0.369319 0.615131
1594 -0.352196 0.510052
1593 -0.0365653 0.611746
1669 0.00867061 0.556426
1670 -0.303124 0.480988
2091 0.0392849 0.739874
2092 0.0869907 0.587135
3426 0.0790514 0.605434
3425 -0.161208 0.533064
2695 -0.450865 0.654886
2696 -0.214806 0.624278
1989 -0.293647 0.689606
1990 -0.395796 0.538209
3063 -0.227766 0.534145
3064 0.0107806 0.754805
3071 -0.332315 0.622825
3072 -0.198612 0.662716
573 -0.150963 0.679978
574 -0.0974093 0.734855
1600 -0.296585 0.510679
1599 -0.10578 0.624123
2797 -0.187359 0.579167
2798 -0.345878 0.670444
2338 -0.198774 0.700112
2337 -0.243168 0.666421
1338 -0.401904 0.509928
1337 -0.328158 0.488952
2687 -0.113075 0.719933
2688 -0.27238 0.555176
567 -0.217261 0.709533
568 -0.0458284 0.682265
518 -0.0939864 0.745333
517 -0.0112835 0.762454
2873 0.0235657 0.576701
2874 -0.0505153 0.557713
3350 0.0438893 0.7073
3349 -0.309655 0.501173
1857 -0.411715 0.636227
1858 -0.0215355 0.674214
2547 -0.173549 0.624379
2548 0.0367238 0.646559
3495 0.155206 0.598175
3496 -0.0613425 0.562475
3454 -0.424575 0.643055
3453 -0.016977 0.645525
3182 -0.0734298 0.551079
3181 -0.0730486 0.549902
3499 -0.0397112 0.569808
3500 -0.150163 0.609119
49 -0.112727 0.581742
50 0.0196237 0.601884
39 -0.068822 0.601232
40 0.130205 0.616232
868 -0.433337 0.616971
867 -0.23783 0.659704
3321 -0.0913714 0.547438
3322 -0.140851 0.524487
1538 -0.335602 0.684742
1537 -0.2176 0.528749
2111 -0.393886 0.527281
2112 0.103934 0.593455
2697 -0.0918199 0.719961
2698 -0.304761 0.502235
1552 0.0104484 0.772488
1551 -0.264444 0.539742
1217 0.0984605 0.641073
1218 0.0571698 0.750192
1265 -0.2404 0.55504
1266 -0.159887 0.642703
708 0.0938452 0.600457
707 -0.21962 0.507305
1952 -0.112587 0.535414
1951 -0.350065 0.553876
2508 -0.204007 0.508494
2507 -0.0739096 0.535512
1090 -0.170015 0.750379
1089 -0.0996877 0.582268
340 0.0473973 0.577683
339 -0.225215 0.642908
3377 0.0169566 0.607035
3378 -0.0670543 0.630921
2294 -0.118971 0.758102
2293 -0.167379 0.569362
2937 -0.254258 0.50803
2938 0.00207093 0.561155
500 -0.114214 0.602432
499 -0.316323 0.652769
2728 -0.0923632 0.612059
2727 -0.0617827 0.624384
932 0.1175 0.606934
931 -0.332804 0.711084
2911 -0.253989 0.517006
2912 0.0131408 0.615939
2477 -0.400377 0.615633
2478 -0.298558 0.638151
1586 -0.333366 0.71276
1585 -0.116448 0.560798
3222 -0.0692893 0.578803
3221 -0.0315417 0.576139
2524 -0.194798 0.524282
2523 -0.0493796 0.767626
2205 -0.0644562 0.636767
2206 -0.413975 0.59604
1252 0.0497074 0.579281
1251 -0.336765 0.683345
2210 -0.37861 0.706503
2209 -0.288864 0.494373
947 -0.0911735 0.790583
948 -0.426577 0.632744
2913 -0.0793403 0.538628
2914 -0.28813 0.488655
3314 0.0310615 0.67755
3313 -0.23637 0.497951
2182 -0.0569945 0.774776
2181 0.041783 0.578092
137 -0.232196 0.751244
138 -0.160569 0.598307
2216 -0.272484 0.742696
2215 -0.0848927 0.59283
1429 -0.155788 0.769886
1430 -0.209719 0.743062
1661 -0.173082 0.648387
1662 -0.351169 0.699406
3460 -0.169189 0.640618
3459 -0.0383358 0.567277
2357 0.00646082 0.569593
2358 -0.419119 0.636692
1216 -0.0761903 0.546729
1215 0.0184972 0.777419
3343 0.129002 0.604283
3344 -0.0431751 0.798621
1339 0.0383164 0.609881
1340 0.129948 0.589021
1530 -0.297401 0.618208
1529 -0.286859 0.491837
3445 -0.356614 0.561676
3446 -0.323385 0.505646
2631 0.060411 0.624346
2632 -0.110005 0.630645
1582 -0.0172051 0.69404
1581 -0.0153559 0.815335
3466 -0.0105707 0.818957
3465 -0.262938 0.509053
1488 -0.00560695 0.812492
1487 -0.1511 0.562452
1988 -0.0266853 0.688094
1987 -0.242292 0.512651
2963 -0.144593 0.530186
2964 0.104432 0.588791
2902 0.0683117 0.673563
2901 -0.0892576 0.633918
2910 -0.108224 0.540466
2909 -0.228139 0.511049
1197 -0.0326748 0.816263
1198 -0.382259 0.57287
1506 -0.105028 0.538925
1505 -0.247463 0.735489
2936 -0.219227 0.770126
2935 -0.263648 0.562148
1712 0.0678606 0.607346
1711 0.0838929 0.582812
3124 0.0600519 0.62908
3123 0.00523959 0.569241
1787 -0.233784 0.775066
1788 -0.114623 0.725875
2581 -0.197499 0.560314
2582 -0.286691 0.735639
538 -0.0508019 0.770376
537 -0.00998655 0.589909
173 -0.344561 0.700364
174 -0.302228 0.495176
2335 -0.372957 0.714078
2336 -0.287433 0.710605
2032 -0.0658704 0.552189
2031 -0.333349 0.582997
2965 -0.334034 0.501957
2966 -0.329445 0.488056
3062 -0.144624 0.696418
3061 -0.325699 0.552984
2364 -0.30904 0.530331
2363 -0.221022 0.508658
2984 -0.132212 0.755038
2983 -0.155118 0.794972
850 0.0273007 0.804805
849 -0.268246 0.511026
3560 -0.100132 0.540945
3559 -0.193523 0.617271
280 -0.238349 0.514694
279 -0.190184 0.547133
1079 -0.194636 0.785615
1080 -0.0576319 0.784476
1942 -0.0898432 0.576008
1941 -0.361986 0.672593
1863 -0.317114 0.502759
1864 -0.113405 0.530232
2158 -0.328289 0.649615
2157 -0.364573 0.491587
2362 -0.26922 0.490797
2361 -0.256677 0.497357
365 -0.111754 0.569024
366 -0.305252 0.488036
1294 0.0900103 0.600106
1293 -0.207281 0.509009
1842 -0.439738 0.716368
1841 -0.155294 0.52919
77 -0.202289 0.53657
78 -0.155959 0.799741
2664 -0.109889 0.537065
2663 -0.357911 0.486259
299 -0.14987 0.520164
300 -0.148857 0.524061
1390 -0.0352291 0.803273
1389 -0.0683411 0.840138
3482 -0.0791676 0.561636
3481 -0.311179 0.527769
67 -0.123355 0.651414
68 0.109547 0.634374
2570 -0.257183 0.497746
2569 -0.00711814 0.671943
1802 -0.0773763 0.55085
1801 -0.131628 0.598413
777 -0.384239 0.755151
778 -0.244646 0.500893
3511 -0.116868 0.537638
3512 -0.0286406 0.844845
2871 -0.346439 0.705436
2872 -0.454172 0.62901
3567 -0.0178337 0.614091
3568 -0.114242 0.617573
1853 0.0801 0.714978
1854 -0.13959 0.830368
3006 -0.319 0.483492
3005 -0.145421 0.5509
1574 -0.298265 0.491441
1573 -0.218278 0.739276
858 -0.142689 0.530126
857 0.0427606 0.645136
1442 -0.27514 0.507918
1441 -0.479407 0.717871
1070 -0.140431 0.527354
1069 -0.246161 0.76805
1920 -0.0897814 0.591374
1919 -0.274197 0.531082
1862 0.0189957 0.5716
1861 -0.0889585 0.539641
2979 -0.128432 0.540137
2980 0.0349392 0.726388
3400 -0.368618 0.673688
3399 0.039397 0.710235
3324 -0.123743 0.660949
3323 -0.440504 0.767433
2900 0.12146 0.600251
2899 -0.147648 0.651781
2665 -0.331094 0.727147
2666 -0.216229 0.682964
3259 -0.161999 0.572201
3260 -0.105251 0.579219
2307 -0.0592677 0.693897
2308 -0.267233 0.658313
1759 -0.120594 0.534324
1760 0.124827 0.59281
1315 -0.0517969 0.876299
1316 -0.179535 0.524162
281 -0.32733 0.473442
282 0.0608394 0.5664
2379 -0.35568 0.686046
2380 -0.279346 0.491879
556 -0.445032 0.778272
555 -0.32033 0.489996
576 -0.127505 0.560558
575 -0.284668 0.825433
1246 -0.12757 0.840946
1245 -0.222011 0.730195
2320 0.0708809 0.601206
2319 0.0692675 0.582483
2057 -0.278532 0.811929
2058 -0.304272 0.555383
2683 -0.37868 0.797683
2684 -0.314297 0.715089
3171 -0.235369 0.796973
3172 -0.128315 0.701015
2248 -0.239347 0.547449
2247 -0.13708 0.762004
954 0.0108512 0.756756
953 -0.135559 0.725811
1059 -0.256578 0.811907
1060 -0.342594 0.719413
257 -0.0546885 0.551248
258 -0.204439 0.696916
501 0.0485394 0.604916
502 -0.0131674 0.552967
3110 -0.47626 0.700577
3109 -0.302976 0.69639
2761 -0.345196 0.683013
2762 -0.0132894 0.826759
3099 -0.00986949 0.812624
3100 -0.203015 0.647736
710 0.115035 0.587323
709 -0.146723 0.573975
225 -0.314597 0.478173
226 -0.223848 0.528949
2069 -0.0787105 0.900208
2070 0.0874103 0.722473
545 -0.262843 0.747974
546 -0.225728 0.65281
3434 -0.482362 0.736862
3433 -0.193283 0.851433
2075 0.0463297 0.572174
2076 -0.259975 0.621494
3320 0.0593415 0.713596
3319 -0.219035 0.826845
2339 -0.429634 0.677228
2340 -0.14451 0.719578
3273 -0.171436 0.830744
3274 -0.205784 0.661857
252 -0.170772 0.554988
251 -0.195723 0.806596
1526 -0.0690977 0.593022
1525 -0.07547 0.724852
1257 -0.200235 0.720979
1258 -0.385897 0.606971
2903 -0.364504 0.683799
2904 -0.118781 0.535196
208 -0.256833 0.732967
207 -0.104024 0.533558
3492 -0.0961398 0.79395
3491 -0.142506 0.650387
1342 -0.23839 0.501204
1341 -0.0741039 0.541059
2977 -0.238 0.782774
2978 -0.178644 0.519981
192 -0.304687 0.733298
191 0.0574296 0.672026
1809 -0.348147 0.536659
1810 -0.375972 0.477514
